1000
56 94 102 103 123 154 182 188 198 259 260 265 281 305 341 342 349 356 366 369 370 384 385 392 458 465 475 497 498 500 509 523 524 525 529 566 570 596 613 617 637 649 651 655 657 667 669 725 752 772 775 785 791 813 816 847 887 916 920 932 934 954 978
31 37 38 41 48 62 89 106 134 138 141 179 206 229 235 236 257 263 266 296 303 306 323 324 328 350 352 354 373 399 400 402 404 450 452 455 461 463 478 506 508 514 527 535 546 582 592 593 595 607 630 635 638 681 695 730 751 754 768 786 825 894 897 902 903 943
36 38 44 69 92 121 130 173 220 259 278 281 295 327 363 368 398 423 425 430 451 455 479 480 483 494 550 560 565 570 573 579 581 591 602 605 661 686 700 717 736 743 751 757 794 796 807 811 814 843 853 863 865 871 883 903 906 918 944 982 988
71 83 88 109 125 135 139 155 171 177 181 198 217 225 230 244 255 258 262 268 276 330 335 336 339 358 371 390 397 419 430 476 481 496 506 507 536 548 566 598 602 608 612 673 685 688 692 698 709 715 757 791 793 794 811 824 865 882 889 905 924 925 930 939 942 943 955 961 966 983
39 45 64 105 115 118 127 129 131 149 164 192 195 212 232 233 238 239 243 256 267 271 274 288 316 331 365 393 436 439 448 466 467 486 490 492 537 540 560 561 567 581 587 588 593 606 615 633 634 652 656 664 691 714 721 789 809 812 842 854 855 859 896 900 912 922 972 975
39 61 64 73 75 81 86 94 107 114 137 141 156 169 172 174 191 193 196 233 275 280 283 291 293 313 334 357 370 382 414 415 421 424 445 451 482 518 522 549 551 554 571 577 582 590 591 592 620 643 663 664 704 715 730 737 742 753 761 784 804 806 810 814 829 852 870 872 874 877 894 895 910 927 940 947 964 965 970 973 979 984 992 994 996
40 42 57 77 97 122 143 161 183 202 203 225 272 273 320 325 326 332 345 353 359 411 412 413 439 446 468 479 486 528 548 564 567 600 610 640 641 647 681 702 746 779 784 786 798 819 835 839 842 851 888 913 919 920 927 987 993
34 35 50 58 59 76 88 106 111 133 169 174 175 176 194 197 207 212 219 234 286 290 293 294 298 304 322 350 379 389 421 440 445 477 497 515 521 556 589 604 608 610 626 643 645 668 689 700 705 714 726 731 748 750 767 801 818 833 839 850 897 908 914 921 926 928 939 950 952 958
70 83 90 132 170 228 241 263 275 296 301 303 317 318 352 376 377 398 405 407 442 459 485 503 512 515 572 589 604 609 614 644 654 673 683 685 687 690 709 722 733 747 765 822 864 876 878 932 937 938 994
33 92 96 116 123 129 146 149 153 157 158 165 216 220 232 251 276 286 287 289 297 321 329 364 379 388 407 419 427 433 444 456 496 508 512 525 529 539 550 558 563 583 585 586 588 597 624 625 657 691 705 739 770 776 800 801 820 831 843 852 880 901 907 911 917 924 942 949 957 972 982
34 51 96 98 119 135 136 138 142 152 160 223 226 258 261 299 309 334 345 384 396 418 441 443 488 498 505 533 542 580 707 713 763 799 822 823 829 855 862 923 934 945 948
85 100 125 137 139 140 144 146 168 187 191 213 223 243 245 252 254 272 279 284 299 319 347 414 416 428 466 473 501 511 521 534 537 543 552 562 572 576 603 605 616 619 623 626 650 654 675 677 699 708 718 720 773 774 797 802 832 834 836 867 875 883 892 907 945 956 973 981 995 996 997
35 54 60 75 150 185 200 205 210 234 247 302 307 312 331 365 418 420 429 435 447 449 450 472 475 539 540 544 546 553 574 575 578 584 614 624 646 658 661 710 740 744 749 755 758 761 765 768 778 838 840 848 866 869 879 885 886 898 936 946 951 958 965 998 999
31 65 72 74 84 93 114 140 190 208 231 242 266 279 300 371 380 394 463 501 503 532 542 555 637 658 659 668 671 677 678 686 708 711 719 735 741 742 780 781 827 845 857 863 891 892 963 966 967 993
52 59 79 82 131 178 193 227 237 240 248 262 282 311 319 328 340 346 355 356 367 372 399 409 443 469 505 513 523 528 568 579 580 596 597 615 622 632 655 669 694 701 707 720 732 741 787 809 832 837 890 900 904 912 940 951 962 970 981
45 47 68 98 117 147 183 184 202 216 221 224 241 246 253 257 278 301 307 323 324 326 372 378 401 406 437 454 491 536 565 609 642 652 653 672 694 699 701 728 729 738 759 762 763 780 799 805 857 866 887 898 913 956 974
32 55 63 66 101 107 109 126 148 172 192 204 215 226 227 235 247 277 302 339 341 342 357 375 378 383 408 410 411 424 429 432 434 438 453 493 499 514 516 526 541 553 557 558 563 573 576 600 611 621 642 644 647 666 678 729 746 756 787 816 826 835 838 841 854 876 955 968 971 986 988
36 40 49 58 73 99 100 173 200 201 213 221 237 270 271 285 298 314 316 322 343 361 420 462 484 516 534 538 586 594 603 607 617 650 660 680 682 696 721 727 758 802 818 828 830 833 848 856 868 878 896 904 919 935 969
42 74 77 95 104 120 143 157 160 167 180 181 208 211 222 250 289 306 333 335 337 338 355 382 383 386 397 417 442 464 470 474 476 477 485 487 493 495 517 519 524 547 598 601 619 634 670 680 682 684 703 710 726 727 733 777 782 788 858 860 861 867 954 959 962 977 999
33 37 51 52 80 110 124 128 178 199 231 239 256 274 283 320 336 344 351 362 366 391 392 403 438 460 462 471 484 495 502 510 517 541 559 594 616 622 653 665 695 706 724 728 736 738 740 766 767 775 793 807 808 828 830 836 844 846 850 853 873 880 890 917 926 948 989 991
93 105 113 117 159 162 163 166 177 214 218 251 270 282 290 309 317 333 343 347 360 368 390 423 490 549 557 585 640 651 665 667 683 688 693 776 789 800 827 879 893 915 916 925 929 946 960 964 979 985 986
53 67 102 108 113 119 126 133 134 145 155 179 180 185 188 210 214 240 268 308 315 381 401 405 412 422 425 426 444 446 452 467 473 489 504 518 531 533 543 561 564 630 723 724 731 744 778 803 815 849 856 868 874 877 881 891 899 937 990 991
99 111 121 152 166 167 205 218 230 236 273 292 311 313 337 364 396 400 410 431 434 435 437 465 471 478 492 509 520 530 625 627 629 631 632 645 674 675 687 693 712 723 745 762 764 770 782 792 810 813 817 821 834 840 859 862 884 918 936 944 984 995
54 57 66 68 80 82 84 144 189 206 215 217 250 277 325 348 374 380 416 427 440 453 457 520 544 571 575 613 618 623 646 648 660 662 674 679 750 754 769 773 790 798 820 847 873 888 893 899 905 909 921 933 950 963 971
56 62 69 103 148 175 204 209 219 229 249 267 287 288 310 314 330 362 386 402 422 474 480 530 552 569 577 584 595 635 636 638 641 648 711 712 716 745 749 764 774 783 797 875 886 889 902 929 931 941 947 953 976 980 990
43 53 55 61 67 81 85 91 108 112 124 132 136 142 151 153 156 162 171 186 190 197 201 203 207 253 264 269 280 291 297 304 312 344 349 369 376 395 404 413 469 487 488 489 491 522 527 532 555 562 568 569 601 612 633 656 670 671 676 684 713 718 737 739 755 759 777 805 824 844 849 860 901 909 910 922 930 933 997 998
41 46 65 71 78 90 91 95 118 127 130 163 164 170 189 248 249 261 284 300 327 351 354 358 360 363 409 428 432 448 449 456 458 461 464 468 482 494 504 526 547 551 599 611 620 629 649 663 666 676 692 704 719 734 735 752 760 796 825 841 861 869 881 882 885 967 974 975 985 989
70 76 101 115 122 176 187 199 222 224 242 254 260 294 308 310 315 321 346 353 359 374 388 426 433 454 470 472 483 510 511 519 535 545 578 587 599 627 628 631 636 659 662 679 689 690 698 722 732 743 747 748 753 756 760 769 771 779 788 790 803 812 815 817 826 851 871 908 938 959 978
44 72 87 89 110 116 120 150 151 158 159 182 184 194 195 209 245 252 255 265 285 292 295 305 329 332 348 373 385 387 389 391 406 417 441 447 459 460 481 499 556 697 703 766 783 785 795 804 806 837 845 846 858 870 941 953 961 969 983 987
46 47 63 87 104 128 145 154 186 228 238 269 338 387 394 395 408 415 457 545 559 583 618 639 697 702 771 792 808 819 831 872 906 914 931 935 952 957 960 977 980
32 43 48 49 50 60 78 79 86 97 112 147 161 165 168 196 211 244 246 264 318 340 361 367 375 377 381 393 403 431 436 500 502 507 513 531 538 554 574 590 606 621 628 639 672 696 706 716 717 725 734 772 781 795 821 823 864 884 895 911 915 923 928 949 968 976 992
1 13
16 30
9 19
7 10
7 12
2 17
1 19
1 2
4 5
6 17
1 26
6 18
25 30
2 28
4 15
26 29
15 29
1 30
17 30
7 30
10 19
14 19
21 25
12 23
16 25
0 24
6 23
7 17
7 14
12 30
5 25
1 24
16 29
4 5
13 26
16 23
21 25
15 23
2 24
8 27
3 26
13 28
5 17
13 18
5 12
7 27
6 18
26 30
14 30
19 23
5 25
14 23
3 8
13 23
11 25
5 30
28 29
3 7
1 28
8 26
25 26
2 9
13 20
0 5
18 26
9 10
6 30
10 15
17 22
11 17
16 27
0 21
0 24
18 29
4 20
1 7
5 16
21 25
3 16
19 28
7 22
25 30
20 21
5 13
4 27
9 28
15 20
4 26
10 21
18 28
2 22
6 27
0 9
19 25
3 11
16 21
4 26
19 29
4 9
2 26
4 14
8 25
7 21
1 21
3 10
10 25
5 11
1 10
3 11
11 13
1 5
10 25
6 18
11 23
21 29
9 11
15 30
16 24
4 9
12 28
25 28
10 22
9 25
0 29
3 21
5 25
9 18
9 28
20 28
10 18
6 30
20 25
20 26
4 26
9 30
20 22
18 22
11 30
5 7
8 26
3 25
5 16
2 17
5 7
7 24
7 27
3 20
14 19
1 21
18 21
3 18
0 28
6 15
15 28
12 21
25 29
11 27
0 21
23 26
13 25
5 11
4 16
5 14
7 28
4 28
5 30
7 25
0 3
19 27
12 17
17 25
6 15
6 25
16 24
12 22
1 23
7 25
13 18
24 28
12 21
18 30
4 7
11 17
20 21
16 23
9 15
3 23
20 22
7 24
2 9
15 17
18 27
10 11
15 27
3 6
10 16
14 16
8 29
1 24
3 22
13 19
4 9
4 5
7 12
1 16
1 22
14 17
4 29
4 19
14 21
8 15
13 27
4 11
3 30
11 28
15 30
12 16
14 26
24 26
18 23
9 20
11 28
15 25
11 27
3 28
4 19
1 15
3 10
0 2
0 27
10 26
3 14
1 8
25 30
0 28
1 13
4 24
3 21
25 29
17 20
4 17
6 11
6 22
4 19
5 8
3 9
16 23
2 15
11 13
5 25
0 2
14 20
5 19
11 26
17 28
7 9
9 24
4 24
9 18
7 20
5 25
22 28
5 7
7 27
2 28
1 8
9 25
7 17
10 11
13 26
8 15
12 16
1 8
7 25
0 28
1 18
12 15
21 27
10 20
24 27
14 22
12 25
5 22
17 24
21 27
4 17
8 20
8 30
11 14
6 19
9 27
7 17
1 15
1 15
6 23
6 15
2 26
1 14
9 28
3 24
4 12
6 28
18 20
5 10
3 18
3 19
18 22
18 29
3 16
14 30
0 16
0 16
17 20
19 25
6 10
14 27
11 20
23 28
0 25
1 7
19 26
1 8
6 27
1 26
14 18
0 14
5 16
3 26
6 27
20 26
17 30
19 24
2 26
9 22
4 12
0 19
14 30
2 20
0 25
0 5
3 13
14 15
1 28
23 27
16 30
8 25
8 30
15 16
7 9
13 23
21 30
5 18
16 18
0 10
0 28
18 24
28 29
9 27
7 28
3 20
19 28
0 19
4 30
13 29
25 29
10 22
3 18
2 8
1 14
1 22
15 21
1 24
19 30
1 25
8 21
15 28
8 9
16 29
14 26
16 22
6 16
6 21
6 25
5 11
5 29
11 23
18 28
10 12
3 9
12 17
5 7
21 24
2 20
5 16
2 21
21 27
9 23
11 26
12 16
2 3
22 30
16 26
9 27
16 22
12 22
4 30
15 22
16 19
4 6
7 23
10 28
8 18
10 14
9 21
5 7
6 21
12 28
4 26
12 26
1 12
2 5
1 21
16 23
15 27
1 2
9 26
23 29
0 26
8 28
19 28
1 26
17 19
1 13
18 26
0 22
4 11
4 21
6 26
14 25
18 27
19 22
12 27
11 21
18 24
0 12
3 18
7 18
1 22
2 6
2 24
3 28
5 26
2 27
17 19
8 18
4 6
18 25
10 25
21 25
4 20
15 25
4 22
16 18
2 26
18 19
3 9
0 7
0 10
16 28
0 30
11 13
19 30
8 13
21 26
10 14
1 3
3 30
1 9
0 22
19 27
11 27
8 9
14 30
1 16
7 8
16 17
18 19
5 21
18 27
22 23
7 11
5 25
0 14
0 18
0 9
16 26
1 25
6 14
0 9
22 24
21 30
13 25
10 21
11 17
1 27
3 15
4 11
17 30
9 12
4 12
16 19
10 13
11 21
12 23
27 29
1 12
18 26
3 6
5 20
2 9
5 26
11 24
12 16
5 30
13 25
7 28
16 20
9 16
19 29
2 4
4 21
11 25
9 16
6 21
2 15
0 3
4 6
14 25
24 25
0 2
5 23
8 11
2 16
12 30
12 23
11 16
5 24
12 27
2 14
10 14
2 4
1 5
9 29
12 24
9 20
9 17
4 27
4 9
7 8
5 30
2 5
1 5
1 4
17 19
1 24
0 14
9 14
3 18
26 27
6 16
18 25
2 3
11 17
7 8
2 11
4 30
1 17
3 7
8 15
6 7
16 26
3 25
0 23
8 12
4 14
11 19
0 17
23 29
11 18
5 26
16 30
14 19
11 23
9 12
9 22
7 11
22 27
27 30
22 26
1 21
22 27
14 22
4 25
4 18
1 24
24 27
0 13
1 24
29 30
6 20
6 24
15 16
5 7
8 16
7 22
12 23
6 16
23 24
0 26
11 17
0 20
4 15
15 19
8 11
0 14
4 25
0 9
12 13
13 27
17 23
2 12
23 27
5 26
4 5
19 20
16 26
0 20
7 13
0 14
18 25
13 25
15 30
3 8
22 23
11 22
25 26
11 13
13 16
23 27
17 18
1 6
17 18
8 20
18 25
3 8
2 13
8 22
3 20
7 27
8 27
4 9
3 26
20 22
14 15
1 19
17 30
28 29
3 27
11 15
2 7
14 15
6 29
18 28
5 26
7 9
19 30
10 14
11 13
3 8
12 18
13 24
22 24
10 25
4 7
3 5
24 30
2 30
11 25
13 26
11 14
4 17
8 27
21 22
19 21
0 30
7 18
17 18
15 19
15 16
1 5
7 21
14 27
8 18
26 30
13 26
2 19
5 25
15 19
9 25
12 19
13 14
5 13
2 27
12 21
22 24
6 16
8 27
7 27
12 24
7 23
1 2
0 26
5 27
1 23
12 25
16 27
2 3
12 17
15 25
26 27
5 12
15 22
10 15
22 24
8 12
19 28
7 19
1 12
23 27
9 22
27 29
0 30
11 23
11 24
0 19
9 20
18 25
12 21
6 27
13 15
13 30
18 22
24 28
5 6
0 28
1 6
14 16
18 27
4 20
23 27
0 3
22 29
3 19
2 3
28 30
2 26
11 24
6 23
10 15
9 20
7 9
11 17
21 27
5 28
15 25
5 28
2 19
19 29
4 14
5 22
2 3
4 27
0 22
2 5
21 27
0 16
22 27
7 17
6 29
9 23
22 30
8 10
10 30
3 25
1 26
16 27
13 20
17 19
5 10
17 19
9 29
11 14
7 17
11 22
6 16
11 19
14 28
12 16
6 7
12 22
16 26
4 6
2 9
19 25
13 28
19 28
0 23
12 17
21 25
7 19
6 27
5 9
2 19
4 16
4 10
17 21
13 15
18 28
4 22
18 25
18 26
10 22
2 13
8 30
2 3
12 15
11 18
17 21
12 26
5 28
2 27
5 29
19 23
5 21
11 24
8 16
5 21
8 17
12 20
9 19
21 26
3 26
2 11
22 30
12 26
12 24
0 15
6 23
3 24
14 19
13 21
11 13
20 23
1 5
5 30
4 17
1 7
12 15
21 23
4 14
9 25
1 24
1 2
14 17
3 23
2 29
9 11
7 27
23 25
5 25
9 30
4 14
6 15
7 29
20 30
0 20
9 19
2 22
6 17
0 6
7 23
4 25
10 30
3 9
3 20
7 19
5 6
7 30
20 24
3 25
24 29
0 8
23 25
0 10
17 29
12 22
8 21
8 27
3 7
5 14
24 28
3 9
1 3
2 22
10 11
12 20
5 24
10 19
9 30
7 23
12 14
7 29
24 28
0 18
3 16
11 15
9 29
7 12
18 27
20 29
3 28
14 18
13 23
5 20
5 12
3 13
13 26
16 30
17 28
5 14
16 23
4 9
5 11
15 26
4 26
24 30
18 29
0 27
5 20
24 29
11 14
2 9
3 28
5 22
20 26
16 20
6 28
2 16
19 26
21 24
19 21
5 30
6 13
5 8
11 22
5 11
11 25
12 25
12 18
