1000
1 2 3 4 5 6 7 8 992 993 994 995 996 997 998 999
0 2 3 4 5 6 7 8 9 993 994 995 996 997 998 999
0 1 3 4 5 6 7 8 9 10 994 995 996 997 998 999
0 1 2 4 5 6 7 8 9 10 11 995 996 997 998 999
0 1 2 3 5 6 7 8 9 10 11 12 996 997 998 999
0 1 2 3 4 6 7 8 9 10 11 12 13 997 998 999
0 1 2 3 4 5 7 8 9 10 11 12 13 14 998 999
0 1 2 3 4 5 6 8 9 10 11 12 13 14 15 999
0 1 2 3 4 5 6 7 9 10 11 12 13 14 15 16
1 2 3 4 5 6 7 8 10 11 12 13 14 15 16 17
2 3 4 5 6 7 8 9 11 12 13 14 15 16 17 18
3 4 5 6 7 8 9 10 12 13 14 15 16 17 18 19
4 5 6 7 8 9 10 11 13 14 15 16 17 18 19 20
5 6 7 8 9 10 11 12 14 15 16 17 18 19 20 21
6 7 8 9 10 11 12 13 15 16 17 18 19 20 21 22
7 8 9 10 11 12 13 14 16 17 18 19 20 21 22 23
8 9 10 11 12 13 14 15 17 18 19 20 21 22 23 24
9 10 11 12 13 14 15 16 18 19 20 21 22 23 24 25
10 11 12 13 14 15 16 17 19 20 21 22 23 24 25 26
11 12 13 14 15 16 17 18 20 21 22 23 24 25 26 27
12 13 14 15 16 17 18 19 21 22 23 24 25 26 27 28
13 14 15 16 17 18 19 20 22 23 24 25 26 27 28 29
14 15 16 17 18 19 20 21 23 24 25 26 27 28 29 30
15 16 17 18 19 20 21 22 24 25 26 27 28 29 30 31
16 17 18 19 20 21 22 23 25 26 27 28 29 30 31 32
17 18 19 20 21 22 23 24 26 27 28 29 30 31 32 33
18 19 20 21 22 23 24 25 27 28 29 30 31 32 33 34
19 20 21 22 23 24 25 26 28 29 30 31 32 33 34 35
20 21 22 23 24 25 26 27 29 30 31 32 33 34 35 36
21 22 23 24 25 26 27 28 30 31 32 33 34 35 36 37
22 23 24 25 26 27 28 29 31 32 33 34 35 36 37 38
23 24 25 26 27 28 29 30 32 33 34 35 36 37 38 39
24 25 26 27 28 29 30 31 33 34 35 36 37 38 39 40
25 26 27 28 29 30 31 32 34 35 36 37 38 39 40 41
26 27 28 29 30 31 32 33 35 36 37 38 39 40 41 42
27 28 29 30 31 32 33 34 36 37 38 39 40 41 42 43
28 29 30 31 32 33 34 35 37 38 39 40 41 42 43 44
29 30 31 32 33 34 35 36 38 39 40 41 42 43 44 45
30 31 32 33 34 35 36 37 39 40 41 42 43 44 45 46
31 32 33 34 35 36 37 38 40 41 42 43 44 45 46 47
32 33 34 35 36 37 38 39 41 42 43 44 45 46 47 48
33 34 35 36 37 38 39 40 42 43 44 45 46 47 48 49
34 35 36 37 38 39 40 41 43 44 45 46 47 48 49 50
35 36 37 38 39 40 41 42 44 45 46 47 48 49 50 51
36 37 38 39 40 41 42 43 45 46 47 48 49 50 51 52
37 38 39 40 41 42 43 44 46 47 48 49 50 51 52 53
38 39 40 41 42 43 44 45 47 48 49 50 51 52 53 54
39 40 41 42 43 44 45 46 48 49 50 51 52 53 54 55
40 41 42 43 44 45 46 47 49 50 51 52 53 54 55 56
41 42 43 44 45 46 47 48 50 51 52 53 54 55 56 57
42 43 44 45 46 47 48 49 51 52 53 54 55 56 57 58
43 44 45 46 47 48 49 50 52 53 54 55 56 57 58 59
44 45 46 47 48 49 50 51 53 54 55 56 57 58 59 60
45 46 47 48 49 50 51 52 54 55 56 57 58 59 60 61
46 47 48 49 50 51 52 53 55 56 57 58 59 60 61 62
47 48 49 50 51 52 53 54 56 57 58 59 60 61 62 63
48 49 50 51 52 53 54 55 57 58 59 60 61 62 63 64
49 50 51 52 53 54 55 56 58 59 60 61 62 63 64 65
50 51 52 53 54 55 56 57 59 60 61 62 63 64 65 66
51 52 53 54 55 56 57 58 60 61 62 63 64 65 66 67
52 53 54 55 56 57 58 59 61 62 63 64 65 66 67 68
53 54 55 56 57 58 59 60 62 63 64 65 66 67 68 69
54 55 56 57 58 59 60 61 63 64 65 66 67 68 69 70
55 56 57 58 59 60 61 62 64 65 66 67 68 69 70 71
56 57 58 59 60 61 62 63 65 66 67 68 69 70 71 72
57 58 59 60 61 62 63 64 66 67 68 69 70 71 72 73
58 59 60 61 62 63 64 65 67 68 69 70 71 72 73 74
59 60 61 62 63 64 65 66 68 69 70 71 72 73 74 75
60 61 62 63 64 65 66 67 69 70 71 72 73 74 75 76
61 62 63 64 65 66 67 68 70 71 72 73 74 75 76 77
62 63 64 65 66 67 68 69 71 72 73 74 75 76 77 78
63 64 65 66 67 68 69 70 72 73 74 75 76 77 78 79
64 65 66 67 68 69 70 71 73 74 75 76 77 78 79 80
65 66 67 68 69 70 71 72 74 75 76 77 78 79 80 81
66 67 68 69 70 71 72 73 75 76 77 78 79 80 81 82
67 68 69 70 71 72 73 74 76 77 78 79 80 81 82 83
68 69 70 71 72 73 74 75 77 78 79 80 81 82 83 84
69 70 71 72 73 74 75 76 78 79 80 81 82 83 84 85
70 71 72 73 74 75 76 77 79 80 81 82 83 84 85 86
71 72 73 74 75 76 77 78 80 81 82 83 84 85 86 87
72 73 74 75 76 77 78 79 81 82 83 84 85 86 87 88
73 74 75 76 77 78 79 80 82 83 84 85 86 87 88 89
74 75 76 77 78 79 80 81 83 84 85 86 87 88 89 90
75 76 77 78 79 80 81 82 84 85 86 87 88 89 90 91
76 77 78 79 80 81 82 83 85 86 87 88 89 90 91 92
77 78 79 80 81 82 83 84 86 87 88 89 90 91 92 93
78 79 80 81 82 83 84 85 87 88 89 90 91 92 93 94
79 80 81 82 83 84 85 86 88 89 90 91 92 93 94 95
80 81 82 83 84 85 86 87 89 90 91 92 93 94 95 96
81 82 83 84 85 86 87 88 90 91 92 93 94 95 96 97
82 83 84 85 86 87 88 89 91 92 93 94 95 96 97 98
83 84 85 86 87 88 89 90 92 93 94 95 96 97 98 99
84 85 86 87 88 89 90 91 93 94 95 96 97 98 99 100
85 86 87 88 89 90 91 92 94 95 96 97 98 99 100 101
86 87 88 89 90 91 92 93 95 96 97 98 99 100 101 102
87 88 89 90 91 92 93 94 96 97 98 99 100 101 102 103
88 89 90 91 92 93 94 95 97 98 99 100 101 102 103 104
89 90 91 92 93 94 95 96 98 99 100 101 102 103 104 105
90 91 92 93 94 95 96 97 99 100 101 102 103 104 105 106
91 92 93 94 95 96 97 98 100 101 102 103 104 105 106 107
92 93 94 95 96 97 98 99 101 102 103 104 105 106 107 108
93 94 95 96 97 98 99 100 102 103 104 105 106 107 108 109
94 95 96 97 98 99 100 101 103 104 105 106 107 108 109 110
95 96 97 98 99 100 101 102 104 105 106 107 108 109 110 111
96 97 98 99 100 101 102 103 105 106 107 108 109 110 111 112
97 98 99 100 101 102 103 104 106 107 108 109 110 111 112 113
98 99 100 101 102 103 104 105 107 108 109 110 111 112 113 114
99 100 101 102 103 104 105 106 108 109 110 111 112 113 114 115
100 101 102 103 104 105 106 107 109 110 111 112 113 114 115 116
101 102 103 104 105 106 107 108 110 111 112 113 114 115 116 117
102 103 104 105 106 107 108 109 111 112 113 114 115 116 117 118
103 104 105 106 107 108 109 110 112 113 114 115 116 117 118 119
104 105 106 107 108 109 110 111 113 114 115 116 117 118 119 120
105 106 107 108 109 110 111 112 114 115 116 117 118 119 120 121
106 107 108 109 110 111 112 113 115 116 117 118 119 120 121 122
107 108 109 110 111 112 113 114 116 117 118 119 120 121 122 123
108 109 110 111 112 113 114 115 117 118 119 120 121 122 123 124
109 110 111 112 113 114 115 116 118 119 120 121 122 123 124 125
110 111 112 113 114 115 116 117 119 120 121 122 123 124 125 126
111 112 113 114 115 116 117 118 120 121 122 123 124 125 126 127
112 113 114 115 116 117 118 119 121 122 123 124 125 126 127 128
113 114 115 116 117 118 119 120 122 123 124 125 126 127 128 129
114 115 116 117 118 119 120 121 123 124 125 126 127 128 129 130
115 116 117 118 119 120 121 122 124 125 126 127 128 129 130 131
116 117 118 119 120 121 122 123 125 126 127 128 129 130 131 132
117 118 119 120 121 122 123 124 126 127 128 129 130 131 132 133
118 119 120 121 122 123 124 125 127 128 129 130 131 132 133 134
119 120 121 122 123 124 125 126 128 129 130 131 132 133 134 135
120 121 122 123 124 125 126 127 129 130 131 132 133 134 135 136
121 122 123 124 125 126 127 128 130 131 132 133 134 135 136 137
122 123 124 125 126 127 128 129 131 132 133 134 135 136 137 138
123 124 125 126 127 128 129 130 132 133 134 135 136 137 138 139
124 125 126 127 128 129 130 131 133 134 135 136 137 138 139 140
125 126 127 128 129 130 131 132 134 135 136 137 138 139 140 141
126 127 128 129 130 131 132 133 135 136 137 138 139 140 141 142
127 128 129 130 131 132 133 134 136 137 138 139 140 141 142 143
128 129 130 131 132 133 134 135 137 138 139 140 141 142 143 144
129 130 131 132 133 134 135 136 138 139 140 141 142 143 144 145
130 131 132 133 134 135 136 137 139 140 141 142 143 144 145 146
131 132 133 134 135 136 137 138 140 141 142 143 144 145 146 147
132 133 134 135 136 137 138 139 141 142 143 144 145 146 147 148
133 134 135 136 137 138 139 140 142 143 144 145 146 147 148 149
134 135 136 137 138 139 140 141 143 144 145 146 147 148 149 150
135 136 137 138 139 140 141 142 144 145 146 147 148 149 150 151
136 137 138 139 140 141 142 143 145 146 147 148 149 150 151 152
137 138 139 140 141 142 143 144 146 147 148 149 150 151 152 153
138 139 140 141 142 143 144 145 147 148 149 150 151 152 153 154
139 140 141 142 143 144 145 146 148 149 150 151 152 153 154 155
140 141 142 143 144 145 146 147 149 150 151 152 153 154 155 156
141 142 143 144 145 146 147 148 150 151 152 153 154 155 156 157
142 143 144 145 146 147 148 149 151 152 153 154 155 156 157 158
143 144 145 146 147 148 149 150 152 153 154 155 156 157 158 159
144 145 146 147 148 149 150 151 153 154 155 156 157 158 159 160
145 146 147 148 149 150 151 152 154 155 156 157 158 159 160 161
146 147 148 149 150 151 152 153 155 156 157 158 159 160 161 162
147 148 149 150 151 152 153 154 156 157 158 159 160 161 162 163
148 149 150 151 152 153 154 155 157 158 159 160 161 162 163 164
149 150 151 152 153 154 155 156 158 159 160 161 162 163 164 165
150 151 152 153 154 155 156 157 159 160 161 162 163 164 165 166
151 152 153 154 155 156 157 158 160 161 162 163 164 165 166 167
152 153 154 155 156 157 158 159 161 162 163 164 165 166 167 168
153 154 155 156 157 158 159 160 162 163 164 165 166 167 168 169
154 155 156 157 158 159 160 161 163 164 165 166 167 168 169 170
155 156 157 158 159 160 161 162 164 165 166 167 168 169 170 171
156 157 158 159 160 161 162 163 165 166 167 168 169 170 171 172
157 158 159 160 161 162 163 164 166 167 168 169 170 171 172 173
158 159 160 161 162 163 164 165 167 168 169 170 171 172 173 174
159 160 161 162 163 164 165 166 168 169 170 171 172 173 174 175
160 161 162 163 164 165 166 167 169 170 171 172 173 174 175 176
161 162 163 164 165 166 167 168 170 171 172 173 174 175 176 177
162 163 164 165 166 167 168 169 171 172 173 174 175 176 177 178
163 164 165 166 167 168 169 170 172 173 174 175 176 177 178 179
164 165 166 167 168 169 170 171 173 174 175 176 177 178 179 180
165 166 167 168 169 170 171 172 174 175 176 177 178 179 180 181
166 167 168 169 170 171 172 173 175 176 177 178 179 180 181 182
167 168 169 170 171 172 173 174 176 177 178 179 180 181 182 183
168 169 170 171 172 173 174 175 177 178 179 180 181 182 183 184
169 170 171 172 173 174 175 176 178 179 180 181 182 183 184 185
170 171 172 173 174 175 176 177 179 180 181 182 183 184 185 186
171 172 173 174 175 176 177 178 180 181 182 183 184 185 186 187
172 173 174 175 176 177 178 179 181 182 183 184 185 186 187 188
173 174 175 176 177 178 179 180 182 183 184 185 186 187 188 189
174 175 176 177 178 179 180 181 183 184 185 186 187 188 189 190
175 176 177 178 179 180 181 182 184 185 186 187 188 189 190 191
176 177 178 179 180 181 182 183 185 186 187 188 189 190 191 192
177 178 179 180 181 182 183 184 186 187 188 189 190 191 192 193
178 179 180 181 182 183 184 185 187 188 189 190 191 192 193 194
179 180 181 182 183 184 185 186 188 189 190 191 192 193 194 195
180 181 182 183 184 185 186 187 189 190 191 192 193 194 195 196
181 182 183 184 185 186 187 188 190 191 192 193 194 195 196 197
182 183 184 185 186 187 188 189 191 192 193 194 195 196 197 198
183 184 185 186 187 188 189 190 192 193 194 195 196 197 198 199
184 185 186 187 188 189 190 191 193 194 195 196 197 198 199 200
185 186 187 188 189 190 191 192 194 195 196 197 198 199 200 201
186 187 188 189 190 191 192 193 195 196 197 198 199 200 201 202
187 188 189 190 191 192 193 194 196 197 198 199 200 201 202 203
188 189 190 191 192 193 194 195 197 198 199 200 201 202 203 204
189 190 191 192 193 194 195 196 198 199 200 201 202 203 204 205
190 191 192 193 194 195 196 197 199 200 201 202 203 204 205 206
191 192 193 194 195 196 197 198 200 201 202 203 204 205 206 207
192 193 194 195 196 197 198 199 201 202 203 204 205 206 207 208
193 194 195 196 197 198 199 200 202 203 204 205 206 207 208 209
194 195 196 197 198 199 200 201 203 204 205 206 207 208 209 210
195 196 197 198 199 200 201 202 204 205 206 207 208 209 210 211
196 197 198 199 200 201 202 203 205 206 207 208 209 210 211 212
197 198 199 200 201 202 203 204 206 207 208 209 210 211 212 213
198 199 200 201 202 203 204 205 207 208 209 210 211 212 213 214
199 200 201 202 203 204 205 206 208 209 210 211 212 213 214 215
200 201 202 203 204 205 206 207 209 210 211 212 213 214 215 216
201 202 203 204 205 206 207 208 210 211 212 213 214 215 216 217
202 203 204 205 206 207 208 209 211 212 213 214 215 216 217 218
203 204 205 206 207 208 209 210 212 213 214 215 216 217 218 219
204 205 206 207 208 209 210 211 213 214 215 216 217 218 219 220
205 206 207 208 209 210 211 212 214 215 216 217 218 219 220 221
206 207 208 209 210 211 212 213 215 216 217 218 219 220 221 222
207 208 209 210 211 212 213 214 216 217 218 219 220 221 222 223
208 209 210 211 212 213 214 215 217 218 219 220 221 222 223 224
209 210 211 212 213 214 215 216 218 219 220 221 222 223 224 225
210 211 212 213 214 215 216 217 219 220 221 222 223 224 225 226
211 212 213 214 215 216 217 218 220 221 222 223 224 225 226 227
212 213 214 215 216 217 218 219 221 222 223 224 225 226 227 228
213 214 215 216 217 218 219 220 222 223 224 225 226 227 228 229
214 215 216 217 218 219 220 221 223 224 225 226 227 228 229 230
215 216 217 218 219 220 221 222 224 225 226 227 228 229 230 231
216 217 218 219 220 221 222 223 225 226 227 228 229 230 231 232
217 218 219 220 221 222 223 224 226 227 228 229 230 231 232 233
218 219 220 221 222 223 224 225 227 228 229 230 231 232 233 234
219 220 221 222 223 224 225 226 228 229 230 231 232 233 234 235
220 221 222 223 224 225 226 227 229 230 231 232 233 234 235 236
221 222 223 224 225 226 227 228 230 231 232 233 234 235 236 237
222 223 224 225 226 227 228 229 231 232 233 234 235 236 237 238
223 224 225 226 227 228 229 230 232 233 234 235 236 237 238 239
224 225 226 227 228 229 230 231 233 234 235 236 237 238 239 240
225 226 227 228 229 230 231 232 234 235 236 237 238 239 240 241
226 227 228 229 230 231 232 233 235 236 237 238 239 240 241 242
227 228 229 230 231 232 233 234 236 237 238 239 240 241 242 243
228 229 230 231 232 233 234 235 237 238 239 240 241 242 243 244
229 230 231 232 233 234 235 236 238 239 240 241 242 243 244 245
230 231 232 233 234 235 236 237 239 240 241 242 243 244 245 246
231 232 233 234 235 236 237 238 240 241 242 243 244 245 246 247
232 233 234 235 236 237 238 239 241 242 243 244 245 246 247 248
233 234 235 236 237 238 239 240 242 243 244 245 246 247 248 249
234 235 236 237 238 239 240 241 243 244 245 246 247 248 249 250
235 236 237 238 239 240 241 242 244 245 246 247 248 249 250 251
236 237 238 239 240 241 242 243 245 246 247 248 249 250 251 252
237 238 239 240 241 242 243 244 246 247 248 249 250 251 252 253
238 239 240 241 242 243 244 245 247 248 249 250 251 252 253 254
239 240 241 242 243 244 245 246 248 249 250 251 252 253 254 255
240 241 242 243 244 245 246 247 249 250 251 252 253 254 255 256
241 242 243 244 245 246 247 248 250 251 252 253 254 255 256 257
242 243 244 245 246 247 248 249 251 252 253 254 255 256 257 258
243 244 245 246 247 248 249 250 252 253 254 255 256 257 258 259
244 245 246 247 248 249 250 251 253 254 255 256 257 258 259 260
245 246 247 248 249 250 251 252 254 255 256 257 258 259 260 261
246 247 248 249 250 251 252 253 255 256 257 258 259 260 261 262
247 248 249 250 251 252 253 254 256 257 258 259 260 261 262 263
248 249 250 251 252 253 254 255 257 258 259 260 261 262 263 264
249 250 251 252 253 254 255 256 258 259 260 261 262 263 264 265
250 251 252 253 254 255 256 257 259 260 261 262 263 264 265 266
251 252 253 254 255 256 257 258 260 261 262 263 264 265 266 267
252 253 254 255 256 257 258 259 261 262 263 264 265 266 267 268
253 254 255 256 257 258 259 260 262 263 264 265 266 267 268 269
254 255 256 257 258 259 260 261 263 264 265 266 267 268 269 270
255 256 257 258 259 260 261 262 264 265 266 267 268 269 270 271
256 257 258 259 260 261 262 263 265 266 267 268 269 270 271 272
257 258 259 260 261 262 263 264 266 267 268 269 270 271 272 273
258 259 260 261 262 263 264 265 267 268 269 270 271 272 273 274
259 260 261 262 263 264 265 266 268 269 270 271 272 273 274 275
260 261 262 263 264 265 266 267 269 270 271 272 273 274 275 276
261 262 263 264 265 266 267 268 270 271 272 273 274 275 276 277
262 263 264 265 266 267 268 269 271 272 273 274 275 276 277 278
263 264 265 266 267 268 269 270 272 273 274 275 276 277 278 279
264 265 266 267 268 269 270 271 273 274 275 276 277 278 279 280
265 266 267 268 269 270 271 272 274 275 276 277 278 279 280 281
266 267 268 269 270 271 272 273 275 276 277 278 279 280 281 282
267 268 269 270 271 272 273 274 276 277 278 279 280 281 282 283
268 269 270 271 272 273 274 275 277 278 279 280 281 282 283 284
269 270 271 272 273 274 275 276 278 279 280 281 282 283 284 285
270 271 272 273 274 275 276 277 279 280 281 282 283 284 285 286
271 272 273 274 275 276 277 278 280 281 282 283 284 285 286 287
272 273 274 275 276 277 278 279 281 282 283 284 285 286 287 288
273 274 275 276 277 278 279 280 282 283 284 285 286 287 288 289
274 275 276 277 278 279 280 281 283 284 285 286 287 288 289 290
275 276 277 278 279 280 281 282 284 285 286 287 288 289 290 291
276 277 278 279 280 281 282 283 285 286 287 288 289 290 291 292
277 278 279 280 281 282 283 284 286 287 288 289 290 291 292 293
278 279 280 281 282 283 284 285 287 288 289 290 291 292 293 294
279 280 281 282 283 284 285 286 288 289 290 291 292 293 294 295
280 281 282 283 284 285 286 287 289 290 291 292 293 294 295 296
281 282 283 284 285 286 287 288 290 291 292 293 294 295 296 297
282 283 284 285 286 287 288 289 291 292 293 294 295 296 297 298
283 284 285 286 287 288 289 290 292 293 294 295 296 297 298 299
284 285 286 287 288 289 290 291 293 294 295 296 297 298 299 300
285 286 287 288 289 290 291 292 294 295 296 297 298 299 300 301
286 287 288 289 290 291 292 293 295 296 297 298 299 300 301 302
287 288 289 290 291 292 293 294 296 297 298 299 300 301 302 303
288 289 290 291 292 293 294 295 297 298 299 300 301 302 303 304
289 290 291 292 293 294 295 296 298 299 300 301 302 303 304 305
290 291 292 293 294 295 296 297 299 300 301 302 303 304 305 306
291 292 293 294 295 296 297 298 300 301 302 303 304 305 306 307
292 293 294 295 296 297 298 299 301 302 303 304 305 306 307 308
293 294 295 296 297 298 299 300 302 303 304 305 306 307 308 309
294 295 296 297 298 299 300 301 303 304 305 306 307 308 309 310
295 296 297 298 299 300 301 302 304 305 306 307 308 309 310 311
296 297 298 299 300 301 302 303 305 306 307 308 309 310 311 312
297 298 299 300 301 302 303 304 306 307 308 309 310 311 312 313
298 299 300 301 302 303 304 305 307 308 309 310 311 312 313 314
299 300 301 302 303 304 305 306 308 309 310 311 312 313 314 315
300 301 302 303 304 305 306 307 309 310 311 312 313 314 315 316
301 302 303 304 305 306 307 308 310 311 312 313 314 315 316 317
302 303 304 305 306 307 308 309 311 312 313 314 315 316 317 318
303 304 305 306 307 308 309 310 312 313 314 315 316 317 318 319
304 305 306 307 308 309 310 311 313 314 315 316 317 318 319 320
305 306 307 308 309 310 311 312 314 315 316 317 318 319 320 321
306 307 308 309 310 311 312 313 315 316 317 318 319 320 321 322
307 308 309 310 311 312 313 314 316 317 318 319 320 321 322 323
308 309 310 311 312 313 314 315 317 318 319 320 321 322 323 324
309 310 311 312 313 314 315 316 318 319 320 321 322 323 324 325
310 311 312 313 314 315 316 317 319 320 321 322 323 324 325 326
311 312 313 314 315 316 317 318 320 321 322 323 324 325 326 327
312 313 314 315 316 317 318 319 321 322 323 324 325 326 327 328
313 314 315 316 317 318 319 320 322 323 324 325 326 327 328 329
314 315 316 317 318 319 320 321 323 324 325 326 327 328 329 330
315 316 317 318 319 320 321 322 324 325 326 327 328 329 330 331
316 317 318 319 320 321 322 323 325 326 327 328 329 330 331 332
317 318 319 320 321 322 323 324 326 327 328 329 330 331 332 333
318 319 320 321 322 323 324 325 327 328 329 330 331 332 333 334
319 320 321 322 323 324 325 326 328 329 330 331 332 333 334 335
320 321 322 323 324 325 326 327 329 330 331 332 333 334 335 336
321 322 323 324 325 326 327 328 330 331 332 333 334 335 336 337
322 323 324 325 326 327 328 329 331 332 333 334 335 336 337 338
323 324 325 326 327 328 329 330 332 333 334 335 336 337 338 339
324 325 326 327 328 329 330 331 333 334 335 336 337 338 339 340
325 326 327 328 329 330 331 332 334 335 336 337 338 339 340 341
326 327 328 329 330 331 332 333 335 336 337 338 339 340 341 342
327 328 329 330 331 332 333 334 336 337 338 339 340 341 342 343
328 329 330 331 332 333 334 335 337 338 339 340 341 342 343 344
329 330 331 332 333 334 335 336 338 339 340 341 342 343 344 345
330 331 332 333 334 335 336 337 339 340 341 342 343 344 345 346
331 332 333 334 335 336 337 338 340 341 342 343 344 345 346 347
332 333 334 335 336 337 338 339 341 342 343 344 345 346 347 348
333 334 335 336 337 338 339 340 342 343 344 345 346 347 348 349
334 335 336 337 338 339 340 341 343 344 345 346 347 348 349 350
335 336 337 338 339 340 341 342 344 345 346 347 348 349 350 351
336 337 338 339 340 341 342 343 345 346 347 348 349 350 351 352
337 338 339 340 341 342 343 344 346 347 348 349 350 351 352 353
338 339 340 341 342 343 344 345 347 348 349 350 351 352 353 354
339 340 341 342 343 344 345 346 348 349 350 351 352 353 354 355
340 341 342 343 344 345 346 347 349 350 351 352 353 354 355 356
341 342 343 344 345 346 347 348 350 351 352 353 354 355 356 357
342 343 344 345 346 347 348 349 351 352 353 354 355 356 357 358
343 344 345 346 347 348 349 350 352 353 354 355 356 357 358 359
344 345 346 347 348 349 350 351 353 354 355 356 357 358 359 360
345 346 347 348 349 350 351 352 354 355 356 357 358 359 360 361
346 347 348 349 350 351 352 353 355 356 357 358 359 360 361 362
347 348 349 350 351 352 353 354 356 357 358 359 360 361 362 363
348 349 350 351 352 353 354 355 357 358 359 360 361 362 363 364
349 350 351 352 353 354 355 356 358 359 360 361 362 363 364 365
350 351 352 353 354 355 356 357 359 360 361 362 363 364 365 366
351 352 353 354 355 356 357 358 360 361 362 363 364 365 366 367
352 353 354 355 356 357 358 359 361 362 363 364 365 366 367 368
353 354 355 356 357 358 359 360 362 363 364 365 366 367 368 369
354 355 356 357 358 359 360 361 363 364 365 366 367 368 369 370
355 356 357 358 359 360 361 362 364 365 366 367 368 369 370 371
356 357 358 359 360 361 362 363 365 366 367 368 369 370 371 372
357 358 359 360 361 362 363 364 366 367 368 369 370 371 372 373
358 359 360 361 362 363 364 365 367 368 369 370 371 372 373 374
359 360 361 362 363 364 365 366 368 369 370 371 372 373 374 375
360 361 362 363 364 365 366 367 369 370 371 372 373 374 375 376
361 362 363 364 365 366 367 368 370 371 372 373 374 375 376 377
362 363 364 365 366 367 368 369 371 372 373 374 375 376 377 378
363 364 365 366 367 368 369 370 372 373 374 375 376 377 378 379
364 365 366 367 368 369 370 371 373 374 375 376 377 378 379 380
365 366 367 368 369 370 371 372 374 375 376 377 378 379 380 381
366 367 368 369 370 371 372 373 375 376 377 378 379 380 381 382
367 368 369 370 371 372 373 374 376 377 378 379 380 381 382 383
368 369 370 371 372 373 374 375 377 378 379 380 381 382 383 384
369 370 371 372 373 374 375 376 378 379 380 381 382 383 384 385
370 371 372 373 374 375 376 377 379 380 381 382 383 384 385 386
371 372 373 374 375 376 377 378 380 381 382 383 384 385 386 387
372 373 374 375 376 377 378 379 381 382 383 384 385 386 387 388
373 374 375 376 377 378 379 380 382 383 384 385 386 387 388 389
374 375 376 377 378 379 380 381 383 384 385 386 387 388 389 390
375 376 377 378 379 380 381 382 384 385 386 387 388 389 390 391
376 377 378 379 380 381 382 383 385 386 387 388 389 390 391 392
377 378 379 380 381 382 383 384 386 387 388 389 390 391 392 393
378 379 380 381 382 383 384 385 387 388 389 390 391 392 393 394
379 380 381 382 383 384 385 386 388 389 390 391 392 393 394 395
380 381 382 383 384 385 386 387 389 390 391 392 393 394 395 396
381 382 383 384 385 386 387 388 390 391 392 393 394 395 396 397
382 383 384 385 386 387 388 389 391 392 393 394 395 396 397 398
383 384 385 386 387 388 389 390 392 393 394 395 396 397 398 399
384 385 386 387 388 389 390 391 393 394 395 396 397 398 399 400
385 386 387 388 389 390 391 392 394 395 396 397 398 399 400 401
386 387 388 389 390 391 392 393 395 396 397 398 399 400 401 402
387 388 389 390 391 392 393 394 396 397 398 399 400 401 402 403
388 389 390 391 392 393 394 395 397 398 399 400 401 402 403 404
389 390 391 392 393 394 395 396 398 399 400 401 402 403 404 405
390 391 392 393 394 395 396 397 399 400 401 402 403 404 405 406
391 392 393 394 395 396 397 398 400 401 402 403 404 405 406 407
392 393 394 395 396 397 398 399 401 402 403 404 405 406 407 408
393 394 395 396 397 398 399 400 402 403 404 405 406 407 408 409
394 395 396 397 398 399 400 401 403 404 405 406 407 408 409 410
395 396 397 398 399 400 401 402 404 405 406 407 408 409 410 411
396 397 398 399 400 401 402 403 405 406 407 408 409 410 411 412
397 398 399 400 401 402 403 404 406 407 408 409 410 411 412 413
398 399 400 401 402 403 404 405 407 408 409 410 411 412 413 414
399 400 401 402 403 404 405 406 408 409 410 411 412 413 414 415
400 401 402 403 404 405 406 407 409 410 411 412 413 414 415 416
401 402 403 404 405 406 407 408 410 411 412 413 414 415 416 417
402 403 404 405 406 407 408 409 411 412 413 414 415 416 417 418
403 404 405 406 407 408 409 410 412 413 414 415 416 417 418 419
404 405 406 407 408 409 410 411 413 414 415 416 417 418 419 420
405 406 407 408 409 410 411 412 414 415 416 417 418 419 420 421
406 407 408 409 410 411 412 413 415 416 417 418 419 420 421 422
407 408 409 410 411 412 413 414 416 417 418 419 420 421 422 423
408 409 410 411 412 413 414 415 417 418 419 420 421 422 423 424
409 410 411 412 413 414 415 416 418 419 420 421 422 423 424 425
410 411 412 413 414 415 416 417 419 420 421 422 423 424 425 426
411 412 413 414 415 416 417 418 420 421 422 423 424 425 426 427
412 413 414 415 416 417 418 419 421 422 423 424 425 426 427 428
413 414 415 416 417 418 419 420 422 423 424 425 426 427 428 429
414 415 416 417 418 419 420 421 423 424 425 426 427 428 429 430
415 416 417 418 419 420 421 422 424 425 426 427 428 429 430 431
416 417 418 419 420 421 422 423 425 426 427 428 429 430 431 432
417 418 419 420 421 422 423 424 426 427 428 429 430 431 432 433
418 419 420 421 422 423 424 425 427 428 429 430 431 432 433 434
419 420 421 422 423 424 425 426 428 429 430 431 432 433 434 435
420 421 422 423 424 425 426 427 429 430 431 432 433 434 435 436
421 422 423 424 425 426 427 428 430 431 432 433 434 435 436 437
422 423 424 425 426 427 428 429 431 432 433 434 435 436 437 438
423 424 425 426 427 428 429 430 432 433 434 435 436 437 438 439
424 425 426 427 428 429 430 431 433 434 435 436 437 438 439 440
425 426 427 428 429 430 431 432 434 435 436 437 438 439 440 441
426 427 428 429 430 431 432 433 435 436 437 438 439 440 441 442
427 428 429 430 431 432 433 434 436 437 438 439 440 441 442 443
428 429 430 431 432 433 434 435 437 438 439 440 441 442 443 444
429 430 431 432 433 434 435 436 438 439 440 441 442 443 444 445
430 431 432 433 434 435 436 437 439 440 441 442 443 444 445 446
431 432 433 434 435 436 437 438 440 441 442 443 444 445 446 447
432 433 434 435 436 437 438 439 441 442 443 444 445 446 447 448
433 434 435 436 437 438 439 440 442 443 444 445 446 447 448 449
434 435 436 437 438 439 440 441 443 444 445 446 447 448 449 450
435 436 437 438 439 440 441 442 444 445 446 447 448 449 450 451
436 437 438 439 440 441 442 443 445 446 447 448 449 450 451 452
437 438 439 440 441 442 443 444 446 447 448 449 450 451 452 453
438 439 440 441 442 443 444 445 447 448 449 450 451 452 453 454
439 440 441 442 443 444 445 446 448 449 450 451 452 453 454 455
440 441 442 443 444 445 446 447 449 450 451 452 453 454 455 456
441 442 443 444 445 446 447 448 450 451 452 453 454 455 456 457
442 443 444 445 446 447 448 449 451 452 453 454 455 456 457 458
443 444 445 446 447 448 449 450 452 453 454 455 456 457 458 459
444 445 446 447 448 449 450 451 453 454 455 456 457 458 459 460
445 446 447 448 449 450 451 452 454 455 456 457 458 459 460 461
446 447 448 449 450 451 452 453 455 456 457 458 459 460 461 462
447 448 449 450 451 452 453 454 456 457 458 459 460 461 462 463
448 449 450 451 452 453 454 455 457 458 459 460 461 462 463 464
449 450 451 452 453 454 455 456 458 459 460 461 462 463 464 465
450 451 452 453 454 455 456 457 459 460 461 462 463 464 465 466
451 452 453 454 455 456 457 458 460 461 462 463 464 465 466 467
452 453 454 455 456 457 458 459 461 462 463 464 465 466 467 468
453 454 455 456 457 458 459 460 462 463 464 465 466 467 468 469
454 455 456 457 458 459 460 461 463 464 465 466 467 468 469 470
455 456 457 458 459 460 461 462 464 465 466 467 468 469 470 471
456 457 458 459 460 461 462 463 465 466 467 468 469 470 471 472
457 458 459 460 461 462 463 464 466 467 468 469 470 471 472 473
458 459 460 461 462 463 464 465 467 468 469 470 471 472 473 474
459 460 461 462 463 464 465 466 468 469 470 471 472 473 474 475
460 461 462 463 464 465 466 467 469 470 471 472 473 474 475 476
461 462 463 464 465 466 467 468 470 471 472 473 474 475 476 477
462 463 464 465 466 467 468 469 471 472 473 474 475 476 477 478
463 464 465 466 467 468 469 470 472 473 474 475 476 477 478 479
464 465 466 467 468 469 470 471 473 474 475 476 477 478 479 480
465 466 467 468 469 470 471 472 474 475 476 477 478 479 480 481
466 467 468 469 470 471 472 473 475 476 477 478 479 480 481 482
467 468 469 470 471 472 473 474 476 477 478 479 480 481 482 483
468 469 470 471 472 473 474 475 477 478 479 480 481 482 483 484
469 470 471 472 473 474 475 476 478 479 480 481 482 483 484 485
470 471 472 473 474 475 476 477 479 480 481 482 483 484 485 486
471 472 473 474 475 476 477 478 480 481 482 483 484 485 486 487
472 473 474 475 476 477 478 479 481 482 483 484 485 486 487 488
473 474 475 476 477 478 479 480 482 483 484 485 486 487 488 489
474 475 476 477 478 479 480 481 483 484 485 486 487 488 489 490
475 476 477 478 479 480 481 482 484 485 486 487 488 489 490 491
476 477 478 479 480 481 482 483 485 486 487 488 489 490 491 492
477 478 479 480 481 482 483 484 486 487 488 489 490 491 492 493
478 479 480 481 482 483 484 485 487 488 489 490 491 492 493 494
479 480 481 482 483 484 485 486 488 489 490 491 492 493 494 495
480 481 482 483 484 485 486 487 489 490 491 492 493 494 495 496
481 482 483 484 485 486 487 488 490 491 492 493 494 495 496 497
482 483 484 485 486 487 488 489 491 492 493 494 495 496 497 498
483 484 485 486 487 488 489 490 492 493 494 495 496 497 498 499
484 485 486 487 488 489 490 491 493 494 495 496 497 498 499 500
485 486 487 488 489 490 491 492 494 495 496 497 498 499 500 501
486 487 488 489 490 491 492 493 495 496 497 498 499 500 501 502
487 488 489 490 491 492 493 494 496 497 498 499 500 501 502 503
488 489 490 491 492 493 494 495 497 498 499 500 501 502 503 504
489 490 491 492 493 494 495 496 498 499 500 501 502 503 504 505
490 491 492 493 494 495 496 497 499 500 501 502 503 504 505 506
491 492 493 494 495 496 497 498 500 501 502 503 504 505 506 507
492 493 494 495 496 497 498 499 501 502 503 504 505 506 507 508
493 494 495 496 497 498 499 500 502 503 504 505 506 507 508 509
494 495 496 497 498 499 500 501 503 504 505 506 507 508 509 510
495 496 497 498 499 500 501 502 504 505 506 507 508 509 510 511
496 497 498 499 500 501 502 503 505 506 507 508 509 510 511 512
497 498 499 500 501 502 503 504 506 507 508 509 510 511 512 513
498 499 500 501 502 503 504 505 507 508 509 510 511 512 513 514
499 500 501 502 503 504 505 506 508 509 510 511 512 513 514 515
500 501 502 503 504 505 506 507 509 510 511 512 513 514 515 516
501 502 503 504 505 506 507 508 510 511 512 513 514 515 516 517
502 503 504 505 506 507 508 509 511 512 513 514 515 516 517 518
503 504 505 506 507 508 509 510 512 513 514 515 516 517 518 519
504 505 506 507 508 509 510 511 513 514 515 516 517 518 519 520
505 506 507 508 509 510 511 512 514 515 516 517 518 519 520 521
506 507 508 509 510 511 512 513 515 516 517 518 519 520 521 522
507 508 509 510 511 512 513 514 516 517 518 519 520 521 522 523
508 509 510 511 512 513 514 515 517 518 519 520 521 522 523 524
509 510 511 512 513 514 515 516 518 519 520 521 522 523 524 525
510 511 512 513 514 515 516 517 519 520 521 522 523 524 525 526
511 512 513 514 515 516 517 518 520 521 522 523 524 525 526 527
512 513 514 515 516 517 518 519 521 522 523 524 525 526 527 528
513 514 515 516 517 518 519 520 522 523 524 525 526 527 528 529
514 515 516 517 518 519 520 521 523 524 525 526 527 528 529 530
515 516 517 518 519 520 521 522 524 525 526 527 528 529 530 531
516 517 518 519 520 521 522 523 525 526 527 528 529 530 531 532
517 518 519 520 521 522 523 524 526 527 528 529 530 531 532 533
518 519 520 521 522 523 524 525 527 528 529 530 531 532 533 534
519 520 521 522 523 524 525 526 528 529 530 531 532 533 534 535
520 521 522 523 524 525 526 527 529 530 531 532 533 534 535 536
521 522 523 524 525 526 527 528 530 531 532 533 534 535 536 537
522 523 524 525 526 527 528 529 531 532 533 534 535 536 537 538
523 524 525 526 527 528 529 530 532 533 534 535 536 537 538 539
524 525 526 527 528 529 530 531 533 534 535 536 537 538 539 540
525 526 527 528 529 530 531 532 534 535 536 537 538 539 540 541
526 527 528 529 530 531 532 533 535 536 537 538 539 540 541 542
527 528 529 530 531 532 533 534 536 537 538 539 540 541 542 543
528 529 530 531 532 533 534 535 537 538 539 540 541 542 543 544
529 530 531 532 533 534 535 536 538 539 540 541 542 543 544 545
530 531 532 533 534 535 536 537 539 540 541 542 543 544 545 546
531 532 533 534 535 536 537 538 540 541 542 543 544 545 546 547
532 533 534 535 536 537 538 539 541 542 543 544 545 546 547 548
533 534 535 536 537 538 539 540 542 543 544 545 546 547 548 549
534 535 536 537 538 539 540 541 543 544 545 546 547 548 549 550
535 536 537 538 539 540 541 542 544 545 546 547 548 549 550 551
536 537 538 539 540 541 542 543 545 546 547 548 549 550 551 552
537 538 539 540 541 542 543 544 546 547 548 549 550 551 552 553
538 539 540 541 542 543 544 545 547 548 549 550 551 552 553 554
539 540 541 542 543 544 545 546 548 549 550 551 552 553 554 555
540 541 542 543 544 545 546 547 549 550 551 552 553 554 555 556
541 542 543 544 545 546 547 548 550 551 552 553 554 555 556 557
542 543 544 545 546 547 548 549 551 552 553 554 555 556 557 558
543 544 545 546 547 548 549 550 552 553 554 555 556 557 558 559
544 545 546 547 548 549 550 551 553 554 555 556 557 558 559 560
545 546 547 548 549 550 551 552 554 555 556 557 558 559 560 561
546 547 548 549 550 551 552 553 555 556 557 558 559 560 561 562
547 548 549 550 551 552 553 554 556 557 558 559 560 561 562 563
548 549 550 551 552 553 554 555 557 558 559 560 561 562 563 564
549 550 551 552 553 554 555 556 558 559 560 561 562 563 564 565
550 551 552 553 554 555 556 557 559 560 561 562 563 564 565 566
551 552 553 554 555 556 557 558 560 561 562 563 564 565 566 567
552 553 554 555 556 557 558 559 561 562 563 564 565 566 567 568
553 554 555 556 557 558 559 560 562 563 564 565 566 567 568 569
554 555 556 557 558 559 560 561 563 564 565 566 567 568 569 570
555 556 557 558 559 560 561 562 564 565 566 567 568 569 570 571
556 557 558 559 560 561 562 563 565 566 567 568 569 570 571 572
557 558 559 560 561 562 563 564 566 567 568 569 570 571 572 573
558 559 560 561 562 563 564 565 567 568 569 570 571 572 573 574
559 560 561 562 563 564 565 566 568 569 570 571 572 573 574 575
560 561 562 563 564 565 566 567 569 570 571 572 573 574 575 576
561 562 563 564 565 566 567 568 570 571 572 573 574 575 576 577
562 563 564 565 566 567 568 569 571 572 573 574 575 576 577 578
563 564 565 566 567 568 569 570 572 573 574 575 576 577 578 579
564 565 566 567 568 569 570 571 573 574 575 576 577 578 579 580
565 566 567 568 569 570 571 572 574 575 576 577 578 579 580 581
566 567 568 569 570 571 572 573 575 576 577 578 579 580 581 582
567 568 569 570 571 572 573 574 576 577 578 579 580 581 582 583
568 569 570 571 572 573 574 575 577 578 579 580 581 582 583 584
569 570 571 572 573 574 575 576 578 579 580 581 582 583 584 585
570 571 572 573 574 575 576 577 579 580 581 582 583 584 585 586
571 572 573 574 575 576 577 578 580 581 582 583 584 585 586 587
572 573 574 575 576 577 578 579 581 582 583 584 585 586 587 588
573 574 575 576 577 578 579 580 582 583 584 585 586 587 588 589
574 575 576 577 578 579 580 581 583 584 585 586 587 588 589 590
575 576 577 578 579 580 581 582 584 585 586 587 588 589 590 591
576 577 578 579 580 581 582 583 585 586 587 588 589 590 591 592
577 578 579 580 581 582 583 584 586 587 588 589 590 591 592 593
578 579 580 581 582 583 584 585 587 588 589 590 591 592 593 594
579 580 581 582 583 584 585 586 588 589 590 591 592 593 594 595
580 581 582 583 584 585 586 587 589 590 591 592 593 594 595 596
581 582 583 584 585 586 587 588 590 591 592 593 594 595 596 597
582 583 584 585 586 587 588 589 591 592 593 594 595 596 597 598
583 584 585 586 587 588 589 590 592 593 594 595 596 597 598 599
584 585 586 587 588 589 590 591 593 594 595 596 597 598 599 600
585 586 587 588 589 590 591 592 594 595 596 597 598 599 600 601
586 587 588 589 590 591 592 593 595 596 597 598 599 600 601 602
587 588 589 590 591 592 593 594 596 597 598 599 600 601 602 603
588 589 590 591 592 593 594 595 597 598 599 600 601 602 603 604
589 590 591 592 593 594 595 596 598 599 600 601 602 603 604 605
590 591 592 593 594 595 596 597 599 600 601 602 603 604 605 606
591 592 593 594 595 596 597 598 600 601 602 603 604 605 606 607
592 593 594 595 596 597 598 599 601 602 603 604 605 606 607 608
593 594 595 596 597 598 599 600 602 603 604 605 606 607 608 609
594 595 596 597 598 599 600 601 603 604 605 606 607 608 609 610
595 596 597 598 599 600 601 602 604 605 606 607 608 609 610 611
596 597 598 599 600 601 602 603 605 606 607 608 609 610 611 612
597 598 599 600 601 602 603 604 606 607 608 609 610 611 612 613
598 599 600 601 602 603 604 605 607 608 609 610 611 612 613 614
599 600 601 602 603 604 605 606 608 609 610 611 612 613 614 615
600 601 602 603 604 605 606 607 609 610 611 612 613 614 615 616
601 602 603 604 605 606 607 608 610 611 612 613 614 615 616 617
602 603 604 605 606 607 608 609 611 612 613 614 615 616 617 618
603 604 605 606 607 608 609 610 612 613 614 615 616 617 618 619
604 605 606 607 608 609 610 611 613 614 615 616 617 618 619 620
605 606 607 608 609 610 611 612 614 615 616 617 618 619 620 621
606 607 608 609 610 611 612 613 615 616 617 618 619 620 621 622
607 608 609 610 611 612 613 614 616 617 618 619 620 621 622 623
608 609 610 611 612 613 614 615 617 618 619 620 621 622 623 624
609 610 611 612 613 614 615 616 618 619 620 621 622 623 624 625
610 611 612 613 614 615 616 617 619 620 621 622 623 624 625 626
611 612 613 614 615 616 617 618 620 621 622 623 624 625 626 627
612 613 614 615 616 617 618 619 621 622 623 624 625 626 627 628
613 614 615 616 617 618 619 620 622 623 624 625 626 627 628 629
614 615 616 617 618 619 620 621 623 624 625 626 627 628 629 630
615 616 617 618 619 620 621 622 624 625 626 627 628 629 630 631
616 617 618 619 620 621 622 623 625 626 627 628 629 630 631 632
617 618 619 620 621 622 623 624 626 627 628 629 630 631 632 633
618 619 620 621 622 623 624 625 627 628 629 630 631 632 633 634
619 620 621 622 623 624 625 626 628 629 630 631 632 633 634 635
620 621 622 623 624 625 626 627 629 630 631 632 633 634 635 636
621 622 623 624 625 626 627 628 630 631 632 633 634 635 636 637
622 623 624 625 626 627 628 629 631 632 633 634 635 636 637 638
623 624 625 626 627 628 629 630 632 633 634 635 636 637 638 639
624 625 626 627 628 629 630 631 633 634 635 636 637 638 639 640
625 626 627 628 629 630 631 632 634 635 636 637 638 639 640 641
626 627 628 629 630 631 632 633 635 636 637 638 639 640 641 642
627 628 629 630 631 632 633 634 636 637 638 639 640 641 642 643
628 629 630 631 632 633 634 635 637 638 639 640 641 642 643 644
629 630 631 632 633 634 635 636 638 639 640 641 642 643 644 645
630 631 632 633 634 635 636 637 639 640 641 642 643 644 645 646
631 632 633 634 635 636 637 638 640 641 642 643 644 645 646 647
632 633 634 635 636 637 638 639 641 642 643 644 645 646 647 648
633 634 635 636 637 638 639 640 642 643 644 645 646 647 648 649
634 635 636 637 638 639 640 641 643 644 645 646 647 648 649 650
635 636 637 638 639 640 641 642 644 645 646 647 648 649 650 651
636 637 638 639 640 641 642 643 645 646 647 648 649 650 651 652
637 638 639 640 641 642 643 644 646 647 648 649 650 651 652 653
638 639 640 641 642 643 644 645 647 648 649 650 651 652 653 654
639 640 641 642 643 644 645 646 648 649 650 651 652 653 654 655
640 641 642 643 644 645 646 647 649 650 651 652 653 654 655 656
641 642 643 644 645 646 647 648 650 651 652 653 654 655 656 657
642 643 644 645 646 647 648 649 651 652 653 654 655 656 657 658
643 644 645 646 647 648 649 650 652 653 654 655 656 657 658 659
644 645 646 647 648 649 650 651 653 654 655 656 657 658 659 660
645 646 647 648 649 650 651 652 654 655 656 657 658 659 660 661
646 647 648 649 650 651 652 653 655 656 657 658 659 660 661 662
647 648 649 650 651 652 653 654 656 657 658 659 660 661 662 663
648 649 650 651 652 653 654 655 657 658 659 660 661 662 663 664
649 650 651 652 653 654 655 656 658 659 660 661 662 663 664 665
650 651 652 653 654 655 656 657 659 660 661 662 663 664 665 666
651 652 653 654 655 656 657 658 660 661 662 663 664 665 666 667
652 653 654 655 656 657 658 659 661 662 663 664 665 666 667 668
653 654 655 656 657 658 659 660 662 663 664 665 666 667 668 669
654 655 656 657 658 659 660 661 663 664 665 666 667 668 669 670
655 656 657 658 659 660 661 662 664 665 666 667 668 669 670 671
656 657 658 659 660 661 662 663 665 666 667 668 669 670 671 672
657 658 659 660 661 662 663 664 666 667 668 669 670 671 672 673
658 659 660 661 662 663 664 665 667 668 669 670 671 672 673 674
659 660 661 662 663 664 665 666 668 669 670 671 672 673 674 675
660 661 662 663 664 665 666 667 669 670 671 672 673 674 675 676
661 662 663 664 665 666 667 668 670 671 672 673 674 675 676 677
662 663 664 665 666 667 668 669 671 672 673 674 675 676 677 678
663 664 665 666 667 668 669 670 672 673 674 675 676 677 678 679
664 665 666 667 668 669 670 671 673 674 675 676 677 678 679 680
665 666 667 668 669 670 671 672 674 675 676 677 678 679 680 681
666 667 668 669 670 671 672 673 675 676 677 678 679 680 681 682
667 668 669 670 671 672 673 674 676 677 678 679 680 681 682 683
668 669 670 671 672 673 674 675 677 678 679 680 681 682 683 684
669 670 671 672 673 674 675 676 678 679 680 681 682 683 684 685
670 671 672 673 674 675 676 677 679 680 681 682 683 684 685 686
671 672 673 674 675 676 677 678 680 681 682 683 684 685 686 687
672 673 674 675 676 677 678 679 681 682 683 684 685 686 687 688
673 674 675 676 677 678 679 680 682 683 684 685 686 687 688 689
674 675 676 677 678 679 680 681 683 684 685 686 687 688 689 690
675 676 677 678 679 680 681 682 684 685 686 687 688 689 690 691
676 677 678 679 680 681 682 683 685 686 687 688 689 690 691 692
677 678 679 680 681 682 683 684 686 687 688 689 690 691 692 693
678 679 680 681 682 683 684 685 687 688 689 690 691 692 693 694
679 680 681 682 683 684 685 686 688 689 690 691 692 693 694 695
680 681 682 683 684 685 686 687 689 690 691 692 693 694 695 696
681 682 683 684 685 686 687 688 690 691 692 693 694 695 696 697
682 683 684 685 686 687 688 689 691 692 693 694 695 696 697 698
683 684 685 686 687 688 689 690 692 693 694 695 696 697 698 699
684 685 686 687 688 689 690 691 693 694 695 696 697 698 699 700
685 686 687 688 689 690 691 692 694 695 696 697 698 699 700 701
686 687 688 689 690 691 692 693 695 696 697 698 699 700 701 702
687 688 689 690 691 692 693 694 696 697 698 699 700 701 702 703
688 689 690 691 692 693 694 695 697 698 699 700 701 702 703 704
689 690 691 692 693 694 695 696 698 699 700 701 702 703 704 705
690 691 692 693 694 695 696 697 699 700 701 702 703 704 705 706
691 692 693 694 695 696 697 698 700 701 702 703 704 705 706 707
692 693 694 695 696 697 698 699 701 702 703 704 705 706 707 708
693 694 695 696 697 698 699 700 702 703 704 705 706 707 708 709
694 695 696 697 698 699 700 701 703 704 705 706 707 708 709 710
695 696 697 698 699 700 701 702 704 705 706 707 708 709 710 711
696 697 698 699 700 701 702 703 705 706 707 708 709 710 711 712
697 698 699 700 701 702 703 704 706 707 708 709 710 711 712 713
698 699 700 701 702 703 704 705 707 708 709 710 711 712 713 714
699 700 701 702 703 704 705 706 708 709 710 711 712 713 714 715
700 701 702 703 704 705 706 707 709 710 711 712 713 714 715 716
701 702 703 704 705 706 707 708 710 711 712 713 714 715 716 717
702 703 704 705 706 707 708 709 711 712 713 714 715 716 717 718
703 704 705 706 707 708 709 710 712 713 714 715 716 717 718 719
704 705 706 707 708 709 710 711 713 714 715 716 717 718 719 720
705 706 707 708 709 710 711 712 714 715 716 717 718 719 720 721
706 707 708 709 710 711 712 713 715 716 717 718 719 720 721 722
707 708 709 710 711 712 713 714 716 717 718 719 720 721 722 723
708 709 710 711 712 713 714 715 717 718 719 720 721 722 723 724
709 710 711 712 713 714 715 716 718 719 720 721 722 723 724 725
710 711 712 713 714 715 716 717 719 720 721 722 723 724 725 726
711 712 713 714 715 716 717 718 720 721 722 723 724 725 726 727
712 713 714 715 716 717 718 719 721 722 723 724 725 726 727 728
713 714 715 716 717 718 719 720 722 723 724 725 726 727 728 729
714 715 716 717 718 719 720 721 723 724 725 726 727 728 729 730
715 716 717 718 719 720 721 722 724 725 726 727 728 729 730 731
716 717 718 719 720 721 722 723 725 726 727 728 729 730 731 732
717 718 719 720 721 722 723 724 726 727 728 729 730 731 732 733
718 719 720 721 722 723 724 725 727 728 729 730 731 732 733 734
719 720 721 722 723 724 725 726 728 729 730 731 732 733 734 735
720 721 722 723 724 725 726 727 729 730 731 732 733 734 735 736
721 722 723 724 725 726 727 728 730 731 732 733 734 735 736 737
722 723 724 725 726 727 728 729 731 732 733 734 735 736 737 738
723 724 725 726 727 728 729 730 732 733 734 735 736 737 738 739
724 725 726 727 728 729 730 731 733 734 735 736 737 738 739 740
725 726 727 728 729 730 731 732 734 735 736 737 738 739 740 741
726 727 728 729 730 731 732 733 735 736 737 738 739 740 741 742
727 728 729 730 731 732 733 734 736 737 738 739 740 741 742 743
728 729 730 731 732 733 734 735 737 738 739 740 741 742 743 744
729 730 731 732 733 734 735 736 738 739 740 741 742 743 744 745
730 731 732 733 734 735 736 737 739 740 741 742 743 744 745 746
731 732 733 734 735 736 737 738 740 741 742 743 744 745 746 747
732 733 734 735 736 737 738 739 741 742 743 744 745 746 747 748
733 734 735 736 737 738 739 740 742 743 744 745 746 747 748 749
734 735 736 737 738 739 740 741 743 744 745 746 747 748 749 750
735 736 737 738 739 740 741 742 744 745 746 747 748 749 750 751
736 737 738 739 740 741 742 743 745 746 747 748 749 750 751 752
737 738 739 740 741 742 743 744 746 747 748 749 750 751 752 753
738 739 740 741 742 743 744 745 747 748 749 750 751 752 753 754
739 740 741 742 743 744 745 746 748 749 750 751 752 753 754 755
740 741 742 743 744 745 746 747 749 750 751 752 753 754 755 756
741 742 743 744 745 746 747 748 750 751 752 753 754 755 756 757
742 743 744 745 746 747 748 749 751 752 753 754 755 756 757 758
743 744 745 746 747 748 749 750 752 753 754 755 756 757 758 759
744 745 746 747 748 749 750 751 753 754 755 756 757 758 759 760
745 746 747 748 749 750 751 752 754 755 756 757 758 759 760 761
746 747 748 749 750 751 752 753 755 756 757 758 759 760 761 762
747 748 749 750 751 752 753 754 756 757 758 759 760 761 762 763
748 749 750 751 752 753 754 755 757 758 759 760 761 762 763 764
749 750 751 752 753 754 755 756 758 759 760 761 762 763 764 765
750 751 752 753 754 755 756 757 759 760 761 762 763 764 765 766
751 752 753 754 755 756 757 758 760 761 762 763 764 765 766 767
752 753 754 755 756 757 758 759 761 762 763 764 765 766 767 768
753 754 755 756 757 758 759 760 762 763 764 765 766 767 768 769
754 755 756 757 758 759 760 761 763 764 765 766 767 768 769 770
755 756 757 758 759 760 761 762 764 765 766 767 768 769 770 771
756 757 758 759 760 761 762 763 765 766 767 768 769 770 771 772
757 758 759 760 761 762 763 764 766 767 768 769 770 771 772 773
758 759 760 761 762 763 764 765 767 768 769 770 771 772 773 774
759 760 761 762 763 764 765 766 768 769 770 771 772 773 774 775
760 761 762 763 764 765 766 767 769 770 771 772 773 774 775 776
761 762 763 764 765 766 767 768 770 771 772 773 774 775 776 777
762 763 764 765 766 767 768 769 771 772 773 774 775 776 777 778
763 764 765 766 767 768 769 770 772 773 774 775 776 777 778 779
764 765 766 767 768 769 770 771 773 774 775 776 777 778 779 780
765 766 767 768 769 770 771 772 774 775 776 777 778 779 780 781
766 767 768 769 770 771 772 773 775 776 777 778 779 780 781 782
767 768 769 770 771 772 773 774 776 777 778 779 780 781 782 783
768 769 770 771 772 773 774 775 777 778 779 780 781 782 783 784
769 770 771 772 773 774 775 776 778 779 780 781 782 783 784 785
770 771 772 773 774 775 776 777 779 780 781 782 783 784 785 786
771 772 773 774 775 776 777 778 780 781 782 783 784 785 786 787
772 773 774 775 776 777 778 779 781 782 783 784 785 786 787 788
773 774 775 776 777 778 779 780 782 783 784 785 786 787 788 789
774 775 776 777 778 779 780 781 783 784 785 786 787 788 789 790
775 776 777 778 779 780 781 782 784 785 786 787 788 789 790 791
776 777 778 779 780 781 782 783 785 786 787 788 789 790 791 792
777 778 779 780 781 782 783 784 786 787 788 789 790 791 792 793
778 779 780 781 782 783 784 785 787 788 789 790 791 792 793 794
779 780 781 782 783 784 785 786 788 789 790 791 792 793 794 795
780 781 782 783 784 785 786 787 789 790 791 792 793 794 795 796
781 782 783 784 785 786 787 788 790 791 792 793 794 795 796 797
782 783 784 785 786 787 788 789 791 792 793 794 795 796 797 798
783 784 785 786 787 788 789 790 792 793 794 795 796 797 798 799
784 785 786 787 788 789 790 791 793 794 795 796 797 798 799 800
785 786 787 788 789 790 791 792 794 795 796 797 798 799 800 801
786 787 788 789 790 791 792 793 795 796 797 798 799 800 801 802
787 788 789 790 791 792 793 794 796 797 798 799 800 801 802 803
788 789 790 791 792 793 794 795 797 798 799 800 801 802 803 804
789 790 791 792 793 794 795 796 798 799 800 801 802 803 804 805
790 791 792 793 794 795 796 797 799 800 801 802 803 804 805 806
791 792 793 794 795 796 797 798 800 801 802 803 804 805 806 807
792 793 794 795 796 797 798 799 801 802 803 804 805 806 807 808
793 794 795 796 797 798 799 800 802 803 804 805 806 807 808 809
794 795 796 797 798 799 800 801 803 804 805 806 807 808 809 810
795 796 797 798 799 800 801 802 804 805 806 807 808 809 810 811
796 797 798 799 800 801 802 803 805 806 807 808 809 810 811 812
797 798 799 800 801 802 803 804 806 807 808 809 810 811 812 813
798 799 800 801 802 803 804 805 807 808 809 810 811 812 813 814
799 800 801 802 803 804 805 806 808 809 810 811 812 813 814 815
800 801 802 803 804 805 806 807 809 810 811 812 813 814 815 816
801 802 803 804 805 806 807 808 810 811 812 813 814 815 816 817
802 803 804 805 806 807 808 809 811 812 813 814 815 816 817 818
803 804 805 806 807 808 809 810 812 813 814 815 816 817 818 819
804 805 806 807 808 809 810 811 813 814 815 816 817 818 819 820
805 806 807 808 809 810 811 812 814 815 816 817 818 819 820 821
806 807 808 809 810 811 812 813 815 816 817 818 819 820 821 822
807 808 809 810 811 812 813 814 816 817 818 819 820 821 822 823
808 809 810 811 812 813 814 815 817 818 819 820 821 822 823 824
809 810 811 812 813 814 815 816 818 819 820 821 822 823 824 825
810 811 812 813 814 815 816 817 819 820 821 822 823 824 825 826
811 812 813 814 815 816 817 818 820 821 822 823 824 825 826 827
812 813 814 815 816 817 818 819 821 822 823 824 825 826 827 828
813 814 815 816 817 818 819 820 822 823 824 825 826 827 828 829
814 815 816 817 818 819 820 821 823 824 825 826 827 828 829 830
815 816 817 818 819 820 821 822 824 825 826 827 828 829 830 831
816 817 818 819 820 821 822 823 825 826 827 828 829 830 831 832
817 818 819 820 821 822 823 824 826 827 828 829 830 831 832 833
818 819 820 821 822 823 824 825 827 828 829 830 831 832 833 834
819 820 821 822 823 824 825 826 828 829 830 831 832 833 834 835
820 821 822 823 824 825 826 827 829 830 831 832 833 834 835 836
821 822 823 824 825 826 827 828 830 831 832 833 834 835 836 837
822 823 824 825 826 827 828 829 831 832 833 834 835 836 837 838
823 824 825 826 827 828 829 830 832 833 834 835 836 837 838 839
824 825 826 827 828 829 830 831 833 834 835 836 837 838 839 840
825 826 827 828 829 830 831 832 834 835 836 837 838 839 840 841
826 827 828 829 830 831 832 833 835 836 837 838 839 840 841 842
827 828 829 830 831 832 833 834 836 837 838 839 840 841 842 843
828 829 830 831 832 833 834 835 837 838 839 840 841 842 843 844
829 830 831 832 833 834 835 836 838 839 840 841 842 843 844 845
830 831 832 833 834 835 836 837 839 840 841 842 843 844 845 846
831 832 833 834 835 836 837 838 840 841 842 843 844 845 846 847
832 833 834 835 836 837 838 839 841 842 843 844 845 846 847 848
833 834 835 836 837 838 839 840 842 843 844 845 846 847 848 849
834 835 836 837 838 839 840 841 843 844 845 846 847 848 849 850
835 836 837 838 839 840 841 842 844 845 846 847 848 849 850 851
836 837 838 839 840 841 842 843 845 846 847 848 849 850 851 852
837 838 839 840 841 842 843 844 846 847 848 849 850 851 852 853
838 839 840 841 842 843 844 845 847 848 849 850 851 852 853 854
839 840 841 842 843 844 845 846 848 849 850 851 852 853 854 855
840 841 842 843 844 845 846 847 849 850 851 852 853 854 855 856
841 842 843 844 845 846 847 848 850 851 852 853 854 855 856 857
842 843 844 845 846 847 848 849 851 852 853 854 855 856 857 858
843 844 845 846 847 848 849 850 852 853 854 855 856 857 858 859
844 845 846 847 848 849 850 851 853 854 855 856 857 858 859 860
845 846 847 848 849 850 851 852 854 855 856 857 858 859 860 861
846 847 848 849 850 851 852 853 855 856 857 858 859 860 861 862
847 848 849 850 851 852 853 854 856 857 858 859 860 861 862 863
848 849 850 851 852 853 854 855 857 858 859 860 861 862 863 864
849 850 851 852 853 854 855 856 858 859 860 861 862 863 864 865
850 851 852 853 854 855 856 857 859 860 861 862 863 864 865 866
851 852 853 854 855 856 857 858 860 861 862 863 864 865 866 867
852 853 854 855 856 857 858 859 861 862 863 864 865 866 867 868
853 854 855 856 857 858 859 860 862 863 864 865 866 867 868 869
854 855 856 857 858 859 860 861 863 864 865 866 867 868 869 870
855 856 857 858 859 860 861 862 864 865 866 867 868 869 870 871
856 857 858 859 860 861 862 863 865 866 867 868 869 870 871 872
857 858 859 860 861 862 863 864 866 867 868 869 870 871 872 873
858 859 860 861 862 863 864 865 867 868 869 870 871 872 873 874
859 860 861 862 863 864 865 866 868 869 870 871 872 873 874 875
860 861 862 863 864 865 866 867 869 870 871 872 873 874 875 876
861 862 863 864 865 866 867 868 870 871 872 873 874 875 876 877
862 863 864 865 866 867 868 869 871 872 873 874 875 876 877 878
863 864 865 866 867 868 869 870 872 873 874 875 876 877 878 879
864 865 866 867 868 869 870 871 873 874 875 876 877 878 879 880
865 866 867 868 869 870 871 872 874 875 876 877 878 879 880 881
866 867 868 869 870 871 872 873 875 876 877 878 879 880 881 882
867 868 869 870 871 872 873 874 876 877 878 879 880 881 882 883
868 869 870 871 872 873 874 875 877 878 879 880 881 882 883 884
869 870 871 872 873 874 875 876 878 879 880 881 882 883 884 885
870 871 872 873 874 875 876 877 879 880 881 882 883 884 885 886
871 872 873 874 875 876 877 878 880 881 882 883 884 885 886 887
872 873 874 875 876 877 878 879 881 882 883 884 885 886 887 888
873 874 875 876 877 878 879 880 882 883 884 885 886 887 888 889
874 875 876 877 878 879 880 881 883 884 885 886 887 888 889 890
875 876 877 878 879 880 881 882 884 885 886 887 888 889 890 891
876 877 878 879 880 881 882 883 885 886 887 888 889 890 891 892
877 878 879 880 881 882 883 884 886 887 888 889 890 891 892 893
878 879 880 881 882 883 884 885 887 888 889 890 891 892 893 894
879 880 881 882 883 884 885 886 888 889 890 891 892 893 894 895
880 881 882 883 884 885 886 887 889 890 891 892 893 894 895 896
881 882 883 884 885 886 887 888 890 891 892 893 894 895 896 897
882 883 884 885 886 887 888 889 891 892 893 894 895 896 897 898
883 884 885 886 887 888 889 890 892 893 894 895 896 897 898 899
884 885 886 887 888 889 890 891 893 894 895 896 897 898 899 900
885 886 887 888 889 890 891 892 894 895 896 897 898 899 900 901
886 887 888 889 890 891 892 893 895 896 897 898 899 900 901 902
887 888 889 890 891 892 893 894 896 897 898 899 900 901 902 903
888 889 890 891 892 893 894 895 897 898 899 900 901 902 903 904
889 890 891 892 893 894 895 896 898 899 900 901 902 903 904 905
890 891 892 893 894 895 896 897 899 900 901 902 903 904 905 906
891 892 893 894 895 896 897 898 900 901 902 903 904 905 906 907
892 893 894 895 896 897 898 899 901 902 903 904 905 906 907 908
893 894 895 896 897 898 899 900 902 903 904 905 906 907 908 909
894 895 896 897 898 899 900 901 903 904 905 906 907 908 909 910
895 896 897 898 899 900 901 902 904 905 906 907 908 909 910 911
896 897 898 899 900 901 902 903 905 906 907 908 909 910 911 912
897 898 899 900 901 902 903 904 906 907 908 909 910 911 912 913
898 899 900 901 902 903 904 905 907 908 909 910 911 912 913 914
899 900 901 902 903 904 905 906 908 909 910 911 912 913 914 915
900 901 902 903 904 905 906 907 909 910 911 912 913 914 915 916
901 902 903 904 905 906 907 908 910 911 912 913 914 915 916 917
902 903 904 905 906 907 908 909 911 912 913 914 915 916 917 918
903 904 905 906 907 908 909 910 912 913 914 915 916 917 918 919
904 905 906 907 908 909 910 911 913 914 915 916 917 918 919 920
905 906 907 908 909 910 911 912 914 915 916 917 918 919 920 921
906 907 908 909 910 911 912 913 915 916 917 918 919 920 921 922
907 908 909 910 911 912 913 914 916 917 918 919 920 921 922 923
908 909 910 911 912 913 914 915 917 918 919 920 921 922 923 924
909 910 911 912 913 914 915 916 918 919 920 921 922 923 924 925
910 911 912 913 914 915 916 917 919 920 921 922 923 924 925 926
911 912 913 914 915 916 917 918 920 921 922 923 924 925 926 927
912 913 914 915 916 917 918 919 921 922 923 924 925 926 927 928
913 914 915 916 917 918 919 920 922 923 924 925 926 927 928 929
914 915 916 917 918 919 920 921 923 924 925 926 927 928 929 930
915 916 917 918 919 920 921 922 924 925 926 927 928 929 930 931
916 917 918 919 920 921 922 923 925 926 927 928 929 930 931 932
917 918 919 920 921 922 923 924 926 927 928 929 930 931 932 933
918 919 920 921 922 923 924 925 927 928 929 930 931 932 933 934
919 920 921 922 923 924 925 926 928 929 930 931 932 933 934 935
920 921 922 923 924 925 926 927 929 930 931 932 933 934 935 936
921 922 923 924 925 926 927 928 930 931 932 933 934 935 936 937
922 923 924 925 926 927 928 929 931 932 933 934 935 936 937 938
923 924 925 926 927 928 929 930 932 933 934 935 936 937 938 939
924 925 926 927 928 929 930 931 933 934 935 936 937 938 939 940
925 926 927 928 929 930 931 932 934 935 936 937 938 939 940 941
926 927 928 929 930 931 932 933 935 936 937 938 939 940 941 942
927 928 929 930 931 932 933 934 936 937 938 939 940 941 942 943
928 929 930 931 932 933 934 935 937 938 939 940 941 942 943 944
929 930 931 932 933 934 935 936 938 939 940 941 942 943 944 945
930 931 932 933 934 935 936 937 939 940 941 942 943 944 945 946
931 932 933 934 935 936 937 938 940 941 942 943 944 945 946 947
932 933 934 935 936 937 938 939 941 942 943 944 945 946 947 948
933 934 935 936 937 938 939 940 942 943 944 945 946 947 948 949
934 935 936 937 938 939 940 941 943 944 945 946 947 948 949 950
935 936 937 938 939 940 941 942 944 945 946 947 948 949 950 951
936 937 938 939 940 941 942 943 945 946 947 948 949 950 951 952
937 938 939 940 941 942 943 944 946 947 948 949 950 951 952 953
938 939 940 941 942 943 944 945 947 948 949 950 951 952 953 954
939 940 941 942 943 944 945 946 948 949 950 951 952 953 954 955
940 941 942 943 944 945 946 947 949 950 951 952 953 954 955 956
941 942 943 944 945 946 947 948 950 951 952 953 954 955 956 957
942 943 944 945 946 947 948 949 951 952 953 954 955 956 957 958
943 944 945 946 947 948 949 950 952 953 954 955 956 957 958 959
944 945 946 947 948 949 950 951 953 954 955 956 957 958 959 960
945 946 947 948 949 950 951 952 954 955 956 957 958 959 960 961
946 947 948 949 950 951 952 953 955 956 957 958 959 960 961 962
947 948 949 950 951 952 953 954 956 957 958 959 960 961 962 963
948 949 950 951 952 953 954 955 957 958 959 960 961 962 963 964
949 950 951 952 953 954 955 956 958 959 960 961 962 963 964 965
950 951 952 953 954 955 956 957 959 960 961 962 963 964 965 966
951 952 953 954 955 956 957 958 960 961 962 963 964 965 966 967
952 953 954 955 956 957 958 959 961 962 963 964 965 966 967 968
953 954 955 956 957 958 959 960 962 963 964 965 966 967 968 969
954 955 956 957 958 959 960 961 963 964 965 966 967 968 969 970
955 956 957 958 959 960 961 962 964 965 966 967 968 969 970 971
956 957 958 959 960 961 962 963 965 966 967 968 969 970 971 972
957 958 959 960 961 962 963 964 966 967 968 969 970 971 972 973
958 959 960 961 962 963 964 965 967 968 969 970 971 972 973 974
959 960 961 962 963 964 965 966 968 969 970 971 972 973 974 975
960 961 962 963 964 965 966 967 969 970 971 972 973 974 975 976
961 962 963 964 965 966 967 968 970 971 972 973 974 975 976 977
962 963 964 965 966 967 968 969 971 972 973 974 975 976 977 978
963 964 965 966 967 968 969 970 972 973 974 975 976 977 978 979
964 965 966 967 968 969 970 971 973 974 975 976 977 978 979 980
965 966 967 968 969 970 971 972 974 975 976 977 978 979 980 981
966 967 968 969 970 971 972 973 975 976 977 978 979 980 981 982
967 968 969 970 971 972 973 974 976 977 978 979 980 981 982 983
968 969 970 971 972 973 974 975 977 978 979 980 981 982 983 984
969 970 971 972 973 974 975 976 978 979 980 981 982 983 984 985
970 971 972 973 974 975 976 977 979 980 981 982 983 984 985 986
971 972 973 974 975 976 977 978 980 981 982 983 984 985 986 987
972 973 974 975 976 977 978 979 981 982 983 984 985 986 987 988
973 974 975 976 977 978 979 980 982 983 984 985 986 987 988 989
974 975 976 977 978 979 980 981 983 984 985 986 987 988 989 990
975 976 977 978 979 980 981 982 984 985 986 987 988 989 990 991
976 977 978 979 980 981 982 983 985 986 987 988 989 990 991 992
977 978 979 980 981 982 983 984 986 987 988 989 990 991 992 993
978 979 980 981 982 983 984 985 987 988 989 990 991 992 993 994
979 980 981 982 983 984 985 986 988 989 990 991 992 993 994 995
980 981 982 983 984 985 986 987 989 990 991 992 993 994 995 996
981 982 983 984 985 986 987 988 990 991 992 993 994 995 996 997
982 983 984 985 986 987 988 989 991 992 993 994 995 996 997 998
983 984 985 986 987 988 989 990 992 993 994 995 996 997 998 999
0 984 985 986 987 988 989 990 991 993 994 995 996 997 998 999
0 1 985 986 987 988 989 990 991 992 994 995 996 997 998 999
0 1 2 986 987 988 989 990 991 992 993 995 996 997 998 999
0 1 2 3 987 988 989 990 991 992 993 994 996 997 998 999
0 1 2 3 4 988 989 990 991 992 993 994 995 997 998 999
0 1 2 3 4 5 989 990 991 992 993 994 995 996 998 999
0 1 2 3 4 5 6 990 991 992 993 994 995 996 997 999
0 1 2 3 4 5 6 7 991 992 993 994 995 996 997 998
