10000
1 2 3 4 5 6
0 7 8 9 10 11
0 12 13 14 15 16
0 17 18 19 20 21
0 22 23 24 25 26
0 27 28 29 30 31
0 32 33 34 35 36
1 37 38 39 40 41
1 42 43 44 45 46
1 47 48 49 50 51
1 52 53 54 55 56
1 57 58 59 60 61
2 62 63 64 65 66
2 67 68 69 70 71
2 72 73 74 75 76
2 77 78 79 80 81
2 82 83 84 85 86
3 87 88 89 90 91
3 92 93 94 95 96
3 97 98 99 100 101
3 102 103 104 105 106
3 107 108 109 110 111
4 112 113 114 115 116
4 117 118 119 120 121
4 122 123 124 125 126
4 127 128 129 130 131
4 132 133 134 135 136
5 137 138 139 140 141
5 142 143 144 145 146
5 147 148 149 150 151
5 152 153 154 155 156
5 157 158 159 160 161
6 162 163 164 165 166
6 167 168 169 170 171
6 172 173 174 175 176
6 177 178 179 180 181
6 182 183 184 185 186
7 187 188 189 190 191
7 192 193 194 195 196
7 197 198 199 200 201
7 202 203 204 205 206
7 207 208 209 210 211
8 212 213 214 215 216
8 217 218 219 220 221
8 222 223 224 225 226
8 227 228 229 230 231
8 232 233 234 235 236
9 237 238 239 240 241
9 242 243 244 245 246
9 247 248 249 250 251
9 252 253 254 255 256
9 257 258 259 260 261
10 262 263 264 265 266
10 267 268 269 270 271
10 272 273 274 275 276
10 277 278 279 280 281
10 282 283 284 285 286
11 287 288 289 290 291
11 292 293 294 295 296
11 297 298 299 300 301
11 302 303 304 305 306
11 307 308 309 310 311
12 312 313 314 315 316
12 317 318 319 320 321
12 322 323 324 325 326
12 327 328 329 330 331
12 332 333 334 335 336
13 337 338 339 340 341
13 342 343 344 345 346
13 347 348 349 350 351
13 352 353 354 355 356
13 357 358 359 360 361
14 362 363 364 365 366
14 367 368 369 370 371
14 372 373 374 375 376
14 377 378 379 380 381
14 382 383 384 385 386
15 387 388 389 390 391
15 392 393 394 395 396
15 397 398 399 400 401
15 402 403 404 405 406
15 407 408 409 410 411
16 412 413 414 415 416
16 417 418 419 420 421
16 422 423 424 425 426
16 427 428 429 430 431
16 432 433 434 435 436
17 437 438 439 440 441
17 442 443 444 445 446
17 447 448 449 450 451
17 452 453 454 455 456
17 457 458 459 460 461
18 462 463 464 465 466
18 467 468 469 470 471
18 472 473 474 475 476
18 477 478 479 480 481
18 482 483 484 485 486
19 487 488 489 490 491
19 492 493 494 495 496
19 497 498 499 500 501
19 502 503 504 505 506
19 507 508 509 510 511
20 512 513 514 515 516
20 517 518 519 520 521
20 522 523 524 525 526
20 527 528 529 530 531
20 532 533 534 535 536
21 537 538 539 540 541
21 542 543 544 545 546
21 547 548 549 550 551
21 552 553 554 555 556
21 557 558 559 560 561
22 562 563 564 565 566
22 567 568 569 570 571
22 572 573 574 575 576
22 577 578 579 580 581
22 582 583 584 585 586
23 587 588 589 590 591
23 592 593 594 595 596
23 597 598 599 600 601
23 602 603 604 605 606
23 607 608 609 610 611
24 612 613 614 615 616
24 617 618 619 620 621
24 622 623 624 625 626
24 627 628 629 630 631
24 632 633 634 635 636
25 637 638 639 640 641
25 642 643 644 645 646
25 647 648 649 650 651
25 652 653 654 655 656
25 657 658 659 660 661
26 662 663 664 665 666
26 667 668 669 670 671
26 672 673 674 675 676
26 677 678 679 680 681
26 682 683 684 685 686
27 687 688 689 690 691
27 692 693 694 695 696
27 697 698 699 700 701
27 702 703 704 705 706
27 707 708 709 710 711
28 712 713 714 715 716
28 717 718 719 720 721
28 722 723 724 725 726
28 727 728 729 730 731
28 732 733 734 735 736
29 737 738 739 740 741
29 742 743 744 745 746
29 747 748 749 750 751
29 752 753 754 755 756
29 757 758 759 760 761
30 762 763 764 765 766
30 767 768 769 770 771
30 772 773 774 775 776
30 777 778 779 780 781
30 782 783 784 785 786
31 787 788 789 790 791
31 792 793 794 795 796
31 797 798 799 800 801
31 802 803 804 805 806
31 807 808 809 810 811
32 812 813 814 815 816
32 817 818 819 820 821
32 822 823 824 825 826
32 827 828 829 830 831
32 832 833 834 835 836
33 837 838 839 840 841
33 842 843 844 845 846
33 847 848 849 850 851
33 852 853 854 855 856
33 857 858 859 860 861
34 862 863 864 865 866
34 867 868 869 870 871
34 872 873 874 875 876
34 877 878 879 880 881
34 882 883 884 885 886
35 887 888 889 890 891
35 892 893 894 895 896
35 897 898 899 900 901
35 902 903 904 905 906
35 907 908 909 910 911
36 912 913 914 915 916
36 917 918 919 920 921
36 922 923 924 925 926
36 927 928 929 930 931
36 932 933 934 935 936
37 937 938 939 940 941
37 942 943 944 945 946
37 947 948 949 950 951
37 952 953 954 955 956
37 957 958 959 960 961
38 962 963 964 965 966
38 967 968 969 970 971
38 972 973 974 975 976
38 977 978 979 980 981
38 982 983 984 985 986
39 987 988 989 990 991
39 992 993 994 995 996
39 997 998 999 1000 1001
39 1002 1003 1004 1005 1006
39 1007 1008 1009 1010 1011
40 1012 1013 1014 1015 1016
40 1017 1018 1019 1020 1021
40 1022 1023 1024 1025 1026
40 1027 1028 1029 1030 1031
40 1032 1033 1034 1035 1036
41 1037 1038 1039 1040 1041
41 1042 1043 1044 1045 1046
41 1047 1048 1049 1050 1051
41 1052 1053 1054 1055 1056
41 1057 1058 1059 1060 1061
42 1062 1063 1064 1065 1066
42 1067 1068 1069 1070 1071
42 1072 1073 1074 1075 1076
42 1077 1078 1079 1080 1081
42 1082 1083 1084 1085 1086
43 1087 1088 1089 1090 1091
43 1092 1093 1094 1095 1096
43 1097 1098 1099 1100 1101
43 1102 1103 1104 1105 1106
43 1107 1108 1109 1110 1111
44 1112 1113 1114 1115 1116
44 1117 1118 1119 1120 1121
44 1122 1123 1124 1125 1126
44 1127 1128 1129 1130 1131
44 1132 1133 1134 1135 1136
45 1137 1138 1139 1140 1141
45 1142 1143 1144 1145 1146
45 1147 1148 1149 1150 1151
45 1152 1153 1154 1155 1156
45 1157 1158 1159 1160 1161
46 1162 1163 1164 1165 1166
46 1167 1168 1169 1170 1171
46 1172 1173 1174 1175 1176
46 1177 1178 1179 1180 1181
46 1182 1183 1184 1185 1186
47 1187 1188 1189 1190 1191
47 1192 1193 1194 1195 1196
47 1197 1198 1199 1200 1201
47 1202 1203 1204 1205 1206
47 1207 1208 1209 1210 1211
48 1212 1213 1214 1215 1216
48 1217 1218 1219 1220 1221
48 1222 1223 1224 1225 1226
48 1227 1228 1229 1230 1231
48 1232 1233 1234 1235 1236
49 1237 1238 1239 1240 1241
49 1242 1243 1244 1245 1246
49 1247 1248 1249 1250 1251
49 1252 1253 1254 1255 1256
49 1257 1258 1259 1260 1261
50 1262 1263 1264 1265 1266
50 1267 1268 1269 1270 1271
50 1272 1273 1274 1275 1276
50 1277 1278 1279 1280 1281
50 1282 1283 1284 1285 1286
51 1287 1288 1289 1290 1291
51 1292 1293 1294 1295 1296
51 1297 1298 1299 1300 1301
51 1302 1303 1304 1305 1306
51 1307 1308 1309 1310 1311
52 1312 1313 1314 1315 1316
52 1317 1318 1319 1320 1321
52 1322 1323 1324 1325 1326
52 1327 1328 1329 1330 1331
52 1332 1333 1334 1335 1336
53 1337 1338 1339 1340 1341
53 1342 1343 1344 1345 1346
53 1347 1348 1349 1350 1351
53 1352 1353 1354 1355 1356
53 1357 1358 1359 1360 1361
54 1362 1363 1364 1365 1366
54 1367 1368 1369 1370 1371
54 1372 1373 1374 1375 1376
54 1377 1378 1379 1380 1381
54 1382 1383 1384 1385 1386
55 1387 1388 1389 1390 1391
55 1392 1393 1394 1395 1396
55 1397 1398 1399 1400 1401
55 1402 1403 1404 1405 1406
55 1407 1408 1409 1410 1411
56 1412 1413 1414 1415 1416
56 1417 1418 1419 1420 1421
56 1422 1423 1424 1425 1426
56 1427 1428 1429 1430 1431
56 1432 1433 1434 1435 1436
57 1437 1438 1439 1440 1441
57 1442 1443 1444 1445 1446
57 1447 1448 1449 1450 1451
57 1452 1453 1454 1455 1456
57 1457 1458 1459 1460 1461
58 1462 1463 1464 1465 1466
58 1467 1468 1469 1470 1471
58 1472 1473 1474 1475 1476
58 1477 1478 1479 1480 1481
58 1482 1483 1484 1485 1486
59 1487 1488 1489 1490 1491
59 1492 1493 1494 1495 1496
59 1497 1498 1499 1500 1501
59 1502 1503 1504 1505 1506
59 1507 1508 1509 1510 1511
60 1512 1513 1514 1515 1516
60 1517 1518 1519 1520 1521
60 1522 1523 1524 1525 1526
60 1527 1528 1529 1530 1531
60 1532 1533 1534 1535 1536
61 1537 1538 1539 1540 1541
61 1542 1543 1544 1545 1546
61 1547 1548 1549 1550 1551
61 1552 1553 1554 1555 1556
61 1557 1558 1559 1560 1561
62 1562 1563 1564 1565 1566
62 1567 1568 1569 1570 1571
62 1572 1573 1574 1575 1576
62 1577 1578 1579 1580 1581
62 1582 1583 1584 1585 1586
63 1587 1588 1589 1590 1591
63 1592 1593 1594 1595 1596
63 1597 1598 1599 1600 1601
63 1602 1603 1604 1605 1606
63 1607 1608 1609 1610 1611
64 1612 1613 1614 1615 1616
64 1617 1618 1619 1620 1621
64 1622 1623 1624 1625 1626
64 1627 1628 1629 1630 1631
64 1632 1633 1634 1635 1636
65 1637 1638 1639 1640 1641
65 1642 1643 1644 1645 1646
65 1647 1648 1649 1650 1651
65 1652 1653 1654 1655 1656
65 1657 1658 1659 1660 1661
66 1662 1663 1664 1665 1666
66 1667 1668 1669 1670 1671
66 1672 1673 1674 1675 1676
66 1677 1678 1679 1680 1681
66 1682 1683 1684 1685 1686
67 1687 1688 1689 1690 1691
67 1692 1693 1694 1695 1696
67 1697 1698 1699 1700 1701
67 1702 1703 1704 1705 1706
67 1707 1708 1709 1710 1711
68 1712 1713 1714 1715 1716
68 1717 1718 1719 1720 1721
68 1722 1723 1724 1725 1726
68 1727 1728 1729 1730 1731
68 1732 1733 1734 1735 1736
69 1737 1738 1739 1740 1741
69 1742 1743 1744 1745 1746
69 1747 1748 1749 1750 1751
69 1752 1753 1754 1755 1756
69 1757 1758 1759 1760 1761
70 1762 1763 1764 1765 1766
70 1767 1768 1769 1770 1771
70 1772 1773 1774 1775 1776
70 1777 1778 1779 1780 1781
70 1782 1783 1784 1785 1786
71 1787 1788 1789 1790 1791
71 1792 1793 1794 1795 1796
71 1797 1798 1799 1800 1801
71 1802 1803 1804 1805 1806
71 1807 1808 1809 1810 1811
72 1812 1813 1814 1815 1816
72 1817 1818 1819 1820 1821
72 1822 1823 1824 1825 1826
72 1827 1828 1829 1830 1831
72 1832 1833 1834 1835 1836
73 1837 1838 1839 1840 1841
73 1842 1843 1844 1845 1846
73 1847 1848 1849 1850 1851
73 1852 1853 1854 1855 1856
73 1857 1858 1859 1860 1861
74 1862 1863 1864 1865 1866
74 1867 1868 1869 1870 1871
74 1872 1873 1874 1875 1876
74 1877 1878 1879 1880 1881
74 1882 1883 1884 1885 1886
75 1887 1888 1889 1890 1891
75 1892 1893 1894 1895 1896
75 1897 1898 1899 1900 1901
75 1902 1903 1904 1905 1906
75 1907 1908 1909 1910 1911
76 1912 1913 1914 1915 1916
76 1917 1918 1919 1920 1921
76 1922 1923 1924 1925 1926
76 1927 1928 1929 1930 1931
76 1932 1933 1934 1935 1936
77 1937 1938 1939 1940 1941
77 1942 1943 1944 1945 1946
77 1947 1948 1949 1950 1951
77 1952 1953 1954 1955 1956
77 1957 1958 1959 1960 1961
78 1962 1963 1964 1965 1966
78 1967 1968 1969 1970 1971
78 1972 1973 1974 1975 1976
78 1977 1978 1979 1980 1981
78 1982 1983 1984 1985 1986
79 1987 1988 1989 1990 1991
79 1992 1993 1994 1995 1996
79 1997 1998 1999 2000 2001
79 2002 2003 2004 2005 2006
79 2007 2008 2009 2010 2011
80 2012 2013 2014 2015 2016
80 2017 2018 2019 2020 2021
80 2022 2023 2024 2025 2026
80 2027 2028 2029 2030 2031
80 2032 2033 2034 2035 2036
81 2037 2038 2039 2040 2041
81 2042 2043 2044 2045 2046
81 2047 2048 2049 2050 2051
81 2052 2053 2054 2055 2056
81 2057 2058 2059 2060 2061
82 2062 2063 2064 2065 2066
82 2067 2068 2069 2070 2071
82 2072 2073 2074 2075 2076
82 2077 2078 2079 2080 2081
82 2082 2083 2084 2085 2086
83 2087 2088 2089 2090 2091
83 2092 2093 2094 2095 2096
83 2097 2098 2099 2100 2101
83 2102 2103 2104 2105 2106
83 2107 2108 2109 2110 2111
84 2112 2113 2114 2115 2116
84 2117 2118 2119 2120 2121
84 2122 2123 2124 2125 2126
84 2127 2128 2129 2130 2131
84 2132 2133 2134 2135 2136
85 2137 2138 2139 2140 2141
85 2142 2143 2144 2145 2146
85 2147 2148 2149 2150 2151
85 2152 2153 2154 2155 2156
85 2157 2158 2159 2160 2161
86 2162 2163 2164 2165 2166
86 2167 2168 2169 2170 2171
86 2172 2173 2174 2175 2176
86 2177 2178 2179 2180 2181
86 2182 2183 2184 2185 2186
87 2187 2188 2189 2190 2191
87 2192 2193 2194 2195 2196
87 2197 2198 2199 2200 2201
87 2202 2203 2204 2205 2206
87 2207 2208 2209 2210 2211
88 2212 2213 2214 2215 2216
88 2217 2218 2219 2220 2221
88 2222 2223 2224 2225 2226
88 2227 2228 2229 2230 2231
88 2232 2233 2234 2235 2236
89 2237 2238 2239 2240 2241
89 2242 2243 2244 2245 2246
89 2247 2248 2249 2250 2251
89 2252 2253 2254 2255 2256
89 2257 2258 2259 2260 2261
90 2262 2263 2264 2265 2266
90 2267 2268 2269 2270 2271
90 2272 2273 2274 2275 2276
90 2277 2278 2279 2280 2281
90 2282 2283 2284 2285 2286
91 2287 2288 2289 2290 2291
91 2292 2293 2294 2295 2296
91 2297 2298 2299 2300 2301
91 2302 2303 2304 2305 2306
91 2307 2308 2309 2310 2311
92 2312 2313 2314 2315 2316
92 2317 2318 2319 2320 2321
92 2322 2323 2324 2325 2326
92 2327 2328 2329 2330 2331
92 2332 2333 2334 2335 2336
93 2337 2338 2339 2340 2341
93 2342 2343 2344 2345 2346
93 2347 2348 2349 2350 2351
93 2352 2353 2354 2355 2356
93 2357 2358 2359 2360 2361
94 2362 2363 2364 2365 2366
94 2367 2368 2369 2370 2371
94 2372 2373 2374 2375 2376
94 2377 2378 2379 2380 2381
94 2382 2383 2384 2385 2386
95 2387 2388 2389 2390 2391
95 2392 2393 2394 2395 2396
95 2397 2398 2399 2400 2401
95 2402 2403 2404 2405 2406
95 2407 2408 2409 2410 2411
96 2412 2413 2414 2415 2416
96 2417 2418 2419 2420 2421
96 2422 2423 2424 2425 2426
96 2427 2428 2429 2430 2431
96 2432 2433 2434 2435 2436
97 2437 2438 2439 2440 2441
97 2442 2443 2444 2445 2446
97 2447 2448 2449 2450 2451
97 2452 2453 2454 2455 2456
97 2457 2458 2459 2460 2461
98 2462 2463 2464 2465 2466
98 2467 2468 2469 2470 2471
98 2472 2473 2474 2475 2476
98 2477 2478 2479 2480 2481
98 2482 2483 2484 2485 2486
99 2487 2488 2489 2490 2491
99 2492 2493 2494 2495 2496
99 2497 2498 2499 2500 2501
99 2502 2503 2504 2505 2506
99 2507 2508 2509 2510 2511
100 2512 2513 2514 2515 2516
100 2517 2518 2519 2520 2521
100 2522 2523 2524 2525 2526
100 2527 2528 2529 2530 2531
100 2532 2533 2534 2535 2536
101 2537 2538 2539 2540 2541
101 2542 2543 2544 2545 2546
101 2547 2548 2549 2550 2551
101 2552 2553 2554 2555 2556
101 2557 2558 2559 2560 2561
102 2562 2563 2564 2565 2566
102 2567 2568 2569 2570 2571
102 2572 2573 2574 2575 2576
102 2577 2578 2579 2580 2581
102 2582 2583 2584 2585 2586
103 2587 2588 2589 2590 2591
103 2592 2593 2594 2595 2596
103 2597 2598 2599 2600 2601
103 2602 2603 2604 2605 2606
103 2607 2608 2609 2610 2611
104 2612 2613 2614 2615 2616
104 2617 2618 2619 2620 2621
104 2622 2623 2624 2625 2626
104 2627 2628 2629 2630 2631
104 2632 2633 2634 2635 2636
105 2637 2638 2639 2640 2641
105 2642 2643 2644 2645 2646
105 2647 2648 2649 2650 2651
105 2652 2653 2654 2655 2656
105 2657 2658 2659 2660 2661
106 2662 2663 2664 2665 2666
106 2667 2668 2669 2670 2671
106 2672 2673 2674 2675 2676
106 2677 2678 2679 2680 2681
106 2682 2683 2684 2685 2686
107 2687 2688 2689 2690 2691
107 2692 2693 2694 2695 2696
107 2697 2698 2699 2700 2701
107 2702 2703 2704 2705 2706
107 2707 2708 2709 2710 2711
108 2712 2713 2714 2715 2716
108 2717 2718 2719 2720 2721
108 2722 2723 2724 2725 2726
108 2727 2728 2729 2730 2731
108 2732 2733 2734 2735 2736
109 2737 2738 2739 2740 2741
109 2742 2743 2744 2745 2746
109 2747 2748 2749 2750 2751
109 2752 2753 2754 2755 2756
109 2757 2758 2759 2760 2761
110 2762 2763 2764 2765 2766
110 2767 2768 2769 2770 2771
110 2772 2773 2774 2775 2776
110 2777 2778 2779 2780 2781
110 2782 2783 2784 2785 2786
111 2787 2788 2789 2790 2791
111 2792 2793 2794 2795 2796
111 2797 2798 2799 2800 2801
111 2802 2803 2804 2805 2806
111 2807 2808 2809 2810 2811
112 2812 2813 2814 2815 2816
112 2817 2818 2819 2820 2821
112 2822 2823 2824 2825 2826
112 2827 2828 2829 2830 2831
112 2832 2833 2834 2835 2836
113 2837 2838 2839 2840 2841
113 2842 2843 2844 2845 2846
113 2847 2848 2849 2850 2851
113 2852 2853 2854 2855 2856
113 2857 2858 2859 2860 2861
114 2862 2863 2864 2865 2866
114 2867 2868 2869 2870 2871
114 2872 2873 2874 2875 2876
114 2877 2878 2879 2880 2881
114 2882 2883 2884 2885 2886
115 2887 2888 2889 2890 2891
115 2892 2893 2894 2895 2896
115 2897 2898 2899 2900 2901
115 2902 2903 2904 2905 2906
115 2907 2908 2909 2910 2911
116 2912 2913 2914 2915 2916
116 2917 2918 2919 2920 2921
116 2922 2923 2924 2925 2926
116 2927 2928 2929 2930 2931
116 2932 2933 2934 2935 2936
117 2937 2938 2939 2940 2941
117 2942 2943 2944 2945 2946
117 2947 2948 2949 2950 2951
117 2952 2953 2954 2955 2956
117 2957 2958 2959 2960 2961
118 2962 2963 2964 2965 2966
118 2967 2968 2969 2970 2971
118 2972 2973 2974 2975 2976
118 2977 2978 2979 2980 2981
118 2982 2983 2984 2985 2986
119 2987 2988 2989 2990 2991
119 2992 2993 2994 2995 2996
119 2997 2998 2999 3000 3001
119 3002 3003 3004 3005 3006
119 3007 3008 3009 3010 3011
120 3012 3013 3014 3015 3016
120 3017 3018 3019 3020 3021
120 3022 3023 3024 3025 3026
120 3027 3028 3029 3030 3031
120 3032 3033 3034 3035 3036
121 3037 3038 3039 3040 3041
121 3042 3043 3044 3045 3046
121 3047 3048 3049 3050 3051
121 3052 3053 3054 3055 3056
121 3057 3058 3059 3060 3061
122 3062 3063 3064 3065 3066
122 3067 3068 3069 3070 3071
122 3072 3073 3074 3075 3076
122 3077 3078 3079 3080 3081
122 3082 3083 3084 3085 3086
123 3087 3088 3089 3090 3091
123 3092 3093 3094 3095 3096
123 3097 3098 3099 3100 3101
123 3102 3103 3104 3105 3106
123 3107 3108 3109 3110 3111
124 3112 3113 3114 3115 3116
124 3117 3118 3119 3120 3121
124 3122 3123 3124 3125 3126
124 3127 3128 3129 3130 3131
124 3132 3133 3134 3135 3136
125 3137 3138 3139 3140 3141
125 3142 3143 3144 3145 3146
125 3147 3148 3149 3150 3151
125 3152 3153 3154 3155 3156
125 3157 3158 3159 3160 3161
126 3162 3163 3164 3165 3166
126 3167 3168 3169 3170 3171
126 3172 3173 3174 3175 3176
126 3177 3178 3179 3180 3181
126 3182 3183 3184 3185 3186
127 3187 3188 3189 3190 3191
127 3192 3193 3194 3195 3196
127 3197 3198 3199 3200 3201
127 3202 3203 3204 3205 3206
127 3207 3208 3209 3210 3211
128 3212 3213 3214 3215 3216
128 3217 3218 3219 3220 3221
128 3222 3223 3224 3225 3226
128 3227 3228 3229 3230 3231
128 3232 3233 3234 3235 3236
129 3237 3238 3239 3240 3241
129 3242 3243 3244 3245 3246
129 3247 3248 3249 3250 3251
129 3252 3253 3254 3255 3256
129 3257 3258 3259 3260 3261
130 3262 3263 3264 3265 3266
130 3267 3268 3269 3270 3271
130 3272 3273 3274 3275 3276
130 3277 3278 3279 3280 3281
130 3282 3283 3284 3285 3286
131 3287 3288 3289 3290 3291
131 3292 3293 3294 3295 3296
131 3297 3298 3299 3300 3301
131 3302 3303 3304 3305 3306
131 3307 3308 3309 3310 3311
132 3312 3313 3314 3315 3316
132 3317 3318 3319 3320 3321
132 3322 3323 3324 3325 3326
132 3327 3328 3329 3330 3331
132 3332 3333 3334 3335 3336
133 3337 3338 3339 3340 3341
133 3342 3343 3344 3345 3346
133 3347 3348 3349 3350 3351
133 3352 3353 3354 3355 3356
133 3357 3358 3359 3360 3361
134 3362 3363 3364 3365 3366
134 3367 3368 3369 3370 3371
134 3372 3373 3374 3375 3376
134 3377 3378 3379 3380 3381
134 3382 3383 3384 3385 3386
135 3387 3388 3389 3390 3391
135 3392 3393 3394 3395 3396
135 3397 3398 3399 3400 3401
135 3402 3403 3404 3405 3406
135 3407 3408 3409 3410 3411
136 3412 3413 3414 3415 3416
136 3417 3418 3419 3420 3421
136 3422 3423 3424 3425 3426
136 3427 3428 3429 3430 3431
136 3432 3433 3434 3435 3436
137 3437 3438 3439 3440 3441
137 3442 3443 3444 3445 3446
137 3447 3448 3449 3450 3451
137 3452 3453 3454 3455 3456
137 3457 3458 3459 3460 3461
138 3462 3463 3464 3465 3466
138 3467 3468 3469 3470 3471
138 3472 3473 3474 3475 3476
138 3477 3478 3479 3480 3481
138 3482 3483 3484 3485 3486
139 3487 3488 3489 3490 3491
139 3492 3493 3494 3495 3496
139 3497 3498 3499 3500 3501
139 3502 3503 3504 3505 3506
139 3507 3508 3509 3510 3511
140 3512 3513 3514 3515 3516
140 3517 3518 3519 3520 3521
140 3522 3523 3524 3525 3526
140 3527 3528 3529 3530 3531
140 3532 3533 3534 3535 3536
141 3537 3538 3539 3540 3541
141 3542 3543 3544 3545 3546
141 3547 3548 3549 3550 3551
141 3552 3553 3554 3555 3556
141 3557 3558 3559 3560 3561
142 3562 3563 3564 3565 3566
142 3567 3568 3569 3570 3571
142 3572 3573 3574 3575 3576
142 3577 3578 3579 3580 3581
142 3582 3583 3584 3585 3586
143 3587 3588 3589 3590 3591
143 3592 3593 3594 3595 3596
143 3597 3598 3599 3600 3601
143 3602 3603 3604 3605 3606
143 3607 3608 3609 3610 3611
144 3612 3613 3614 3615 3616
144 3617 3618 3619 3620 3621
144 3622 3623 3624 3625 3626
144 3627 3628 3629 3630 3631
144 3632 3633 3634 3635 3636
145 3637 3638 3639 3640 3641
145 3642 3643 3644 3645 3646
145 3647 3648 3649 3650 3651
145 3652 3653 3654 3655 3656
145 3657 3658 3659 3660 3661
146 3662 3663 3664 3665 3666
146 3667 3668 3669 3670 3671
146 3672 3673 3674 3675 3676
146 3677 3678 3679 3680 3681
146 3682 3683 3684 3685 3686
147 3687 3688 3689 3690 3691
147 3692 3693 3694 3695 3696
147 3697 3698 3699 3700 3701
147 3702 3703 3704 3705 3706
147 3707 3708 3709 3710 3711
148 3712 3713 3714 3715 3716
148 3717 3718 3719 3720 3721
148 3722 3723 3724 3725 3726
148 3727 3728 3729 3730 3731
148 3732 3733 3734 3735 3736
149 3737 3738 3739 3740 3741
149 3742 3743 3744 3745 3746
149 3747 3748 3749 3750 3751
149 3752 3753 3754 3755 3756
149 3757 3758 3759 3760 3761
150 3762 3763 3764 3765 3766
150 3767 3768 3769 3770 3771
150 3772 3773 3774 3775 3776
150 3777 3778 3779 3780 3781
150 3782 3783 3784 3785 3786
151 3787 3788 3789 3790 3791
151 3792 3793 3794 3795 3796
151 3797 3798 3799 3800 3801
151 3802 3803 3804 3805 3806
151 3807 3808 3809 3810 3811
152 3812 3813 3814 3815 3816
152 3817 3818 3819 3820 3821
152 3822 3823 3824 3825 3826
152 3827 3828 3829 3830 3831
152 3832 3833 3834 3835 3836
153 3837 3838 3839 3840 3841
153 3842 3843 3844 3845 3846
153 3847 3848 3849 3850 3851
153 3852 3853 3854 3855 3856
153 3857 3858 3859 3860 3861
154 3862 3863 3864 3865 3866
154 3867 3868 3869 3870 3871
154 3872 3873 3874 3875 3876
154 3877 3878 3879 3880 3881
154 3882 3883 3884 3885 3886
155 3887 3888 3889 3890 3891
155 3892 3893 3894 3895 3896
155 3897 3898 3899 3900 3901
155 3902 3903 3904 3905 3906
155 3907 3908 3909 3910 3911
156 3912 3913 3914 3915 3916
156 3917 3918 3919 3920 3921
156 3922 3923 3924 3925 3926
156 3927 3928 3929 3930 3931
156 3932 3933 3934 3935 3936
157 3937 3938 3939 3940 3941
157 3942 3943 3944 3945 3946
157 3947 3948 3949 3950 3951
157 3952 3953 3954 3955 3956
157 3957 3958 3959 3960 3961
158 3962 3963 3964 3965 3966
158 3967 3968 3969 3970 3971
158 3972 3973 3974 3975 3976
158 3977 3978 3979 3980 3981
158 3982 3983 3984 3985 3986
159 3987 3988 3989 3990 3991
159 3992 3993 3994 3995 3996
159 3997 3998 3999 4000 4001
159 4002 4003 4004 4005 4006
159 4007 4008 4009 4010 4011
160 4012 4013 4014 4015 4016
160 4017 4018 4019 4020 4021
160 4022 4023 4024 4025 4026
160 4027 4028 4029 4030 4031
160 4032 4033 4034 4035 4036
161 4037 4038 4039 4040 4041
161 4042 4043 4044 4045 4046
161 4047 4048 4049 4050 4051
161 4052 4053 4054 4055 4056
161 4057 4058 4059 4060 4061
162 4062 4063 4064 4065 4066
162 4067 4068 4069 4070 4071
162 4072 4073 4074 4075 4076
162 4077 4078 4079 4080 4081
162 4082 4083 4084 4085 4086
163 4087 4088 4089 4090 4091
163 4092 4093 4094 4095 4096
163 4097 4098 4099 4100 4101
163 4102 4103 4104 4105 4106
163 4107 4108 4109 4110 4111
164 4112 4113 4114 4115 4116
164 4117 4118 4119 4120 4121
164 4122 4123 4124 4125 4126
164 4127 4128 4129 4130 4131
164 4132 4133 4134 4135 4136
165 4137 4138 4139 4140 4141
165 4142 4143 4144 4145 4146
165 4147 4148 4149 4150 4151
165 4152 4153 4154 4155 4156
165 4157 4158 4159 4160 4161
166 4162 4163 4164 4165 4166
166 4167 4168 4169 4170 4171
166 4172 4173 4174 4175 4176
166 4177 4178 4179 4180 4181
166 4182 4183 4184 4185 4186
167 4187 4188 4189 4190 4191
167 4192 4193 4194 4195 4196
167 4197 4198 4199 4200 4201
167 4202 4203 4204 4205 4206
167 4207 4208 4209 4210 4211
168 4212 4213 4214 4215 4216
168 4217 4218 4219 4220 4221
168 4222 4223 4224 4225 4226
168 4227 4228 4229 4230 4231
168 4232 4233 4234 4235 4236
169 4237 4238 4239 4240 4241
169 4242 4243 4244 4245 4246
169 4247 4248 4249 4250 4251
169 4252 4253 4254 4255 4256
169 4257 4258 4259 4260 4261
170 4262 4263 4264 4265 4266
170 4267 4268 4269 4270 4271
170 4272 4273 4274 4275 4276
170 4277 4278 4279 4280 4281
170 4282 4283 4284 4285 4286
171 4287 4288 4289 4290 4291
171 4292 4293 4294 4295 4296
171 4297 4298 4299 4300 4301
171 4302 4303 4304 4305 4306
171 4307 4308 4309 4310 4311
172 4312 4313 4314 4315 4316
172 4317 4318 4319 4320 4321
172 4322 4323 4324 4325 4326
172 4327 4328 4329 4330 4331
172 4332 4333 4334 4335 4336
173 4337 4338 4339 4340 4341
173 4342 4343 4344 4345 4346
173 4347 4348 4349 4350 4351
173 4352 4353 4354 4355 4356
173 4357 4358 4359 4360 4361
174 4362 4363 4364 4365 4366
174 4367 4368 4369 4370 4371
174 4372 4373 4374 4375 4376
174 4377 4378 4379 4380 4381
174 4382 4383 4384 4385 4386
175 4387 4388 4389 4390 4391
175 4392 4393 4394 4395 4396
175 4397 4398 4399 4400 4401
175 4402 4403 4404 4405 4406
175 4407 4408 4409 4410 4411
176 4412 4413 4414 4415 4416
176 4417 4418 4419 4420 4421
176 4422 4423 4424 4425 4426
176 4427 4428 4429 4430 4431
176 4432 4433 4434 4435 4436
177 4437 4438 4439 4440 4441
177 4442 4443 4444 4445 4446
177 4447 4448 4449 4450 4451
177 4452 4453 4454 4455 4456
177 4457 4458 4459 4460 4461
178 4462 4463 4464 4465 4466
178 4467 4468 4469 4470 4471
178 4472 4473 4474 4475 4476
178 4477 4478 4479 4480 4481
178 4482 4483 4484 4485 4486
179 4487 4488 4489 4490 4491
179 4492 4493 4494 4495 4496
179 4497 4498 4499 4500 4501
179 4502 4503 4504 4505 4506
179 4507 4508 4509 4510 4511
180 4512 4513 4514 4515 4516
180 4517 4518 4519 4520 4521
180 4522 4523 4524 4525 4526
180 4527 4528 4529 4530 4531
180 4532 4533 4534 4535 4536
181 4537 4538 4539 4540 4541
181 4542 4543 4544 4545 4546
181 4547 4548 4549 4550 4551
181 4552 4553 4554 4555 4556
181 4557 4558 4559 4560 4561
182 4562 4563 4564 4565 4566
182 4567 4568 4569 4570 4571
182 4572 4573 4574 4575 4576
182 4577 4578 4579 4580 4581
182 4582 4583 4584 4585 4586
183 4587 4588 4589 4590 4591
183 4592 4593 4594 4595 4596
183 4597 4598 4599 4600 4601
183 4602 4603 4604 4605 4606
183 4607 4608 4609 4610 4611
184 4612 4613 4614 4615 4616
184 4617 4618 4619 4620 4621
184 4622 4623 4624 4625 4626
184 4627 4628 4629 4630 4631
184 4632 4633 4634 4635 4636
185 4637 4638 4639 4640 4641
185 4642 4643 4644 4645 4646
185 4647 4648 4649 4650 4651
185 4652 4653 4654 4655 4656
185 4657 4658 4659 4660 4661
186 4662 4663 4664 4665 4666
186 4667 4668 4669 4670 4671
186 4672 4673 4674 4675 4676
186 4677 4678 4679 4680 4681
186 4682 4683 4684 4685 4686
187 4687 4688 4689 4690 4691
187 4692 4693 4694 4695 4696
187 4697 4698 4699 4700 4701
187 4702 4703 4704 4705 4706
187 4707 4708 4709 4710 4711
188 4712 4713 4714 4715 4716
188 4717 4718 4719 4720 4721
188 4722 4723 4724 4725 4726
188 4727 4728 4729 4730 4731
188 4732 4733 4734 4735 4736
189 4737 4738 4739 4740 4741
189 4742 4743 4744 4745 4746
189 4747 4748 4749 4750 4751
189 4752 4753 4754 4755 4756
189 4757 4758 4759 4760 4761
190 4762 4763 4764 4765 4766
190 4767 4768 4769 4770 4771
190 4772 4773 4774 4775 4776
190 4777 4778 4779 4780 4781
190 4782 4783 4784 4785 4786
191 4787 4788 4789 4790 4791
191 4792 4793 4794 4795 4796
191 4797 4798 4799 4800 4801
191 4802 4803 4804 4805 4806
191 4807 4808 4809 4810 4811
192 4812 4813 4814 4815 4816
192 4817 4818 4819 4820 4821
192 4822 4823 4824 4825 4826
192 4827 4828 4829 4830 4831
192 4832 4833 4834 4835 4836
193 4837 4838 4839 4840 4841
193 4842 4843 4844 4845 4846
193 4847 4848 4849 4850 4851
193 4852 4853 4854 4855 4856
193 4857 4858 4859 4860 4861
194 4862 4863 4864 4865 4866
194 4867 4868 4869 4870 4871
194 4872 4873 4874 4875 4876
194 4877 4878 4879 4880 4881
194 4882 4883 4884 4885 4886
195 4887 4888 4889 4890 4891
195 4892 4893 4894 4895 4896
195 4897 4898 4899 4900 4901
195 4902 4903 4904 4905 4906
195 4907 4908 4909 4910 4911
196 4912 4913 4914 4915 4916
196 4917 4918 4919 4920 4921
196 4922 4923 4924 4925 4926
196 4927 4928 4929 4930 4931
196 4932 4933 4934 4935 4936
197 4937 4938 4939 4940 4941
197 4942 4943 4944 4945 4946
197 4947 4948 4949 4950 4951
197 4952 4953 4954 4955 4956
197 4957 4958 4959 4960 4961
198 4962 4963 4964 4965 4966
198 4967 4968 4969 4970 4971
198 4972 4973 4974 4975 4976
198 4977 4978 4979 4980 4981
198 4982 4983 4984 4985 4986
199 4987 4988 4989 4990 4991
199 4992 4993 4994 4995 4996
199 4997 4998 4999 5000 5001
199 5002 5003 5004 5005 5006
199 5007 5008 5009 5010 5011
200 5012 5013 5014 5015 5016
200 5017 5018 5019 5020 5021
200 5022 5023 5024 5025 5026
200 5027 5028 5029 5030 5031
200 5032 5033 5034 5035 5036
201 5037 5038 5039 5040 5041
201 5042 5043 5044 5045 5046
201 5047 5048 5049 5050 5051
201 5052 5053 5054 5055 5056
201 5057 5058 5059 5060 5061
202 5062 5063 5064 5065 5066
202 5067 5068 5069 5070 5071
202 5072 5073 5074 5075 5076
202 5077 5078 5079 5080 5081
202 5082 5083 5084 5085 5086
203 5087 5088 5089 5090 5091
203 5092 5093 5094 5095 5096
203 5097 5098 5099 5100 5101
203 5102 5103 5104 5105 5106
203 5107 5108 5109 5110 5111
204 5112 5113 5114 5115 5116
204 5117 5118 5119 5120 5121
204 5122 5123 5124 5125 5126
204 5127 5128 5129 5130 5131
204 5132 5133 5134 5135 5136
205 5137 5138 5139 5140 5141
205 5142 5143 5144 5145 5146
205 5147 5148 5149 5150 5151
205 5152 5153 5154 5155 5156
205 5157 5158 5159 5160 5161
206 5162 5163 5164 5165 5166
206 5167 5168 5169 5170 5171
206 5172 5173 5174 5175 5176
206 5177 5178 5179 5180 5181
206 5182 5183 5184 5185 5186
207 5187 5188 5189 5190 5191
207 5192 5193 5194 5195 5196
207 5197 5198 5199 5200 5201
207 5202 5203 5204 5205 5206
207 5207 5208 5209 5210 5211
208 5212 5213 5214 5215 5216
208 5217 5218 5219 5220 5221
208 5222 5223 5224 5225 5226
208 5227 5228 5229 5230 5231
208 5232 5233 5234 5235 5236
209 5237 5238 5239 5240 5241
209 5242 5243 5244 5245 5246
209 5247 5248 5249 5250 5251
209 5252 5253 5254 5255 5256
209 5257 5258 5259 5260 5261
210 5262 5263 5264 5265 5266
210 5267 5268 5269 5270 5271
210 5272 5273 5274 5275 5276
210 5277 5278 5279 5280 5281
210 5282 5283 5284 5285 5286
211 5287 5288 5289 5290 5291
211 5292 5293 5294 5295 5296
211 5297 5298 5299 5300 5301
211 5302 5303 5304 5305 5306
211 5307 5308 5309 5310 5311
212 5312 5313 5314 5315 5316
212 5317 5318 5319 5320 5321
212 5322 5323 5324 5325 5326
212 5327 5328 5329 5330 5331
212 5332 5333 5334 5335 5336
213 5337 5338 5339 5340 5341
213 5342 5343 5344 5345 5346
213 5347 5348 5349 5350 5351
213 5352 5353 5354 5355 5356
213 5357 5358 5359 5360 5361
214 5362 5363 5364 5365 5366
214 5367 5368 5369 5370 5371
214 5372 5373 5374 5375 5376
214 5377 5378 5379 5380 5381
214 5382 5383 5384 5385 5386
215 5387 5388 5389 5390 5391
215 5392 5393 5394 5395 5396
215 5397 5398 5399 5400 5401
215 5402 5403 5404 5405 5406
215 5407 5408 5409 5410 5411
216 5412 5413 5414 5415 5416
216 5417 5418 5419 5420 5421
216 5422 5423 5424 5425 5426
216 5427 5428 5429 5430 5431
216 5432 5433 5434 5435 5436
217 5437 5438 5439 5440 5441
217 5442 5443 5444 5445 5446
217 5447 5448 5449 5450 5451
217 5452 5453 5454 5455 5456
217 5457 5458 5459 5460 5461
218 5462 5463 5464 5465 5466
218 5467 5468 5469 5470 5471
218 5472 5473 5474 5475 5476
218 5477 5478 5479 5480 5481
218 5482 5483 5484 5485 5486
219 5487 5488 5489 5490 5491
219 5492 5493 5494 5495 5496
219 5497 5498 5499 5500 5501
219 5502 5503 5504 5505 5506
219 5507 5508 5509 5510 5511
220 5512 5513 5514 5515 5516
220 5517 5518 5519 5520 5521
220 5522 5523 5524 5525 5526
220 5527 5528 5529 5530 5531
220 5532 5533 5534 5535 5536
221 5537 5538 5539 5540 5541
221 5542 5543 5544 5545 5546
221 5547 5548 5549 5550 5551
221 5552 5553 5554 5555 5556
221 5557 5558 5559 5560 5561
222 5562 5563 5564 5565 5566
222 5567 5568 5569 5570 5571
222 5572 5573 5574 5575 5576
222 5577 5578 5579 5580 5581
222 5582 5583 5584 5585 5586
223 5587 5588 5589 5590 5591
223 5592 5593 5594 5595 5596
223 5597 5598 5599 5600 5601
223 5602 5603 5604 5605 5606
223 5607 5608 5609 5610 5611
224 5612 5613 5614 5615 5616
224 5617 5618 5619 5620 5621
224 5622 5623 5624 5625 5626
224 5627 5628 5629 5630 5631
224 5632 5633 5634 5635 5636
225 5637 5638 5639 5640 5641
225 5642 5643 5644 5645 5646
225 5647 5648 5649 5650 5651
225 5652 5653 5654 5655 5656
225 5657 5658 5659 5660 5661
226 5662 5663 5664 5665 5666
226 5667 5668 5669 5670 5671
226 5672 5673 5674 5675 5676
226 5677 5678 5679 5680 5681
226 5682 5683 5684 5685 5686
227 5687 5688 5689 5690 5691
227 5692 5693 5694 5695 5696
227 5697 5698 5699 5700 5701
227 5702 5703 5704 5705 5706
227 5707 5708 5709 5710 5711
228 5712 5713 5714 5715 5716
228 5717 5718 5719 5720 5721
228 5722 5723 5724 5725 5726
228 5727 5728 5729 5730 5731
228 5732 5733 5734 5735 5736
229 5737 5738 5739 5740 5741
229 5742 5743 5744 5745 5746
229 5747 5748 5749 5750 5751
229 5752 5753 5754 5755 5756
229 5757 5758 5759 5760 5761
230 5762 5763 5764 5765 5766
230 5767 5768 5769 5770 5771
230 5772 5773 5774 5775 5776
230 5777 5778 5779 5780 5781
230 5782 5783 5784 5785 5786
231 5787 5788 5789 5790 5791
231 5792 5793 5794 5795 5796
231 5797 5798 5799 5800 5801
231 5802 5803 5804 5805 5806
231 5807 5808 5809 5810 5811
232 5812 5813 5814 5815 5816
232 5817 5818 5819 5820 5821
232 5822 5823 5824 5825 5826
232 5827 5828 5829 5830 5831
232 5832 5833 5834 5835 5836
233 5837 5838 5839 5840 5841
233 5842 5843 5844 5845 5846
233 5847 5848 5849 5850 5851
233 5852 5853 5854 5855 5856
233 5857 5858 5859 5860 5861
234 5862 5863 5864 5865 5866
234 5867 5868 5869 5870 5871
234 5872 5873 5874 5875 5876
234 5877 5878 5879 5880 5881
234 5882 5883 5884 5885 5886
235 5887 5888 5889 5890 5891
235 5892 5893 5894 5895 5896
235 5897 5898 5899 5900 5901
235 5902 5903 5904 5905 5906
235 5907 5908 5909 5910 5911
236 5912 5913 5914 5915 5916
236 5917 5918 5919 5920 5921
236 5922 5923 5924 5925 5926
236 5927 5928 5929 5930 5931
236 5932 5933 5934 5935 5936
237 5937 5938 5939 5940 5941
237 5942 5943 5944 5945 5946
237 5947 5948 5949 5950 5951
237 5952 5953 5954 5955 5956
237 5957 5958 5959 5960 5961
238 5962 5963 5964 5965 5966
238 5967 5968 5969 5970 5971
238 5972 5973 5974 5975 5976
238 5977 5978 5979 5980 5981
238 5982 5983 5984 5985 5986
239 5987 5988 5989 5990 5991
239 5992 5993 5994 5995 5996
239 5997 5998 5999 6000 6001
239 6002 6003 6004 6005 6006
239 6007 6008 6009 6010 6011
240 6012 6013 6014 6015 6016
240 6017 6018 6019 6020 6021
240 6022 6023 6024 6025 6026
240 6027 6028 6029 6030 6031
240 6032 6033 6034 6035 6036
241 6037 6038 6039 6040 6041
241 6042 6043 6044 6045 6046
241 6047 6048 6049 6050 6051
241 6052 6053 6054 6055 6056
241 6057 6058 6059 6060 6061
242 6062 6063 6064 6065 6066
242 6067 6068 6069 6070 6071
242 6072 6073 6074 6075 6076
242 6077 6078 6079 6080 6081
242 6082 6083 6084 6085 6086
243 6087 6088 6089 6090 6091
243 6092 6093 6094 6095 6096
243 6097 6098 6099 6100 6101
243 6102 6103 6104 6105 6106
243 6107 6108 6109 6110 6111
244 6112 6113 6114 6115 6116
244 6117 6118 6119 6120 6121
244 6122 6123 6124 6125 6126
244 6127 6128 6129 6130 6131
244 6132 6133 6134 6135 6136
245 6137 6138 6139 6140 6141
245 6142 6143 6144 6145 6146
245 6147 6148 6149 6150 6151
245 6152 6153 6154 6155 6156
245 6157 6158 6159 6160 6161
246 6162 6163 6164 6165 6166
246 6167 6168 6169 6170 6171
246 6172 6173 6174 6175 6176
246 6177 6178 6179 6180 6181
246 6182 6183 6184 6185 6186
247 6187 6188 6189 6190 6191
247 6192 6193 6194 6195 6196
247 6197 6198 6199 6200 6201
247 6202 6203 6204 6205 6206
247 6207 6208 6209 6210 6211
248 6212 6213 6214 6215 6216
248 6217 6218 6219 6220 6221
248 6222 6223 6224 6225 6226
248 6227 6228 6229 6230 6231
248 6232 6233 6234 6235 6236
249 6237 6238 6239 6240 6241
249 6242 6243 6244 6245 6246
249 6247 6248 6249 6250 6251
249 6252 6253 6254 6255 6256
249 6257 6258 6259 6260 6261
250 6262 6263 6264 6265 6266
250 6267 6268 6269 6270 6271
250 6272 6273 6274 6275 6276
250 6277 6278 6279 6280 6281
250 6282 6283 6284 6285 6286
251 6287 6288 6289 6290 6291
251 6292 6293 6294 6295 6296
251 6297 6298 6299 6300 6301
251 6302 6303 6304 6305 6306
251 6307 6308 6309 6310 6311
252 6312 6313 6314 6315 6316
252 6317 6318 6319 6320 6321
252 6322 6323 6324 6325 6326
252 6327 6328 6329 6330 6331
252 6332 6333 6334 6335 6336
253 6337 6338 6339 6340 6341
253 6342 6343 6344 6345 6346
253 6347 6348 6349 6350 6351
253 6352 6353 6354 6355 6356
253 6357 6358 6359 6360 6361
254 6362 6363 6364 6365 6366
254 6367 6368 6369 6370 6371
254 6372 6373 6374 6375 6376
254 6377 6378 6379 6380 6381
254 6382 6383 6384 6385 6386
255 6387 6388 6389 6390 6391
255 6392 6393 6394 6395 6396
255 6397 6398 6399 6400 6401
255 6402 6403 6404 6405 6406
255 6407 6408 6409 6410 6411
256 6412 6413 6414 6415 6416
256 6417 6418 6419 6420 6421
256 6422 6423 6424 6425 6426
256 6427 6428 6429 6430 6431
256 6432 6433 6434 6435 6436
257 6437 6438 6439 6440 6441
257 6442 6443 6444 6445 6446
257 6447 6448 6449 6450 6451
257 6452 6453 6454 6455 6456
257 6457 6458 6459 6460 6461
258 6462 6463 6464 6465 6466
258 6467 6468 6469 6470 6471
258 6472 6473 6474 6475 6476
258 6477 6478 6479 6480 6481
258 6482 6483 6484 6485 6486
259 6487 6488 6489 6490 6491
259 6492 6493 6494 6495 6496
259 6497 6498 6499 6500 6501
259 6502 6503 6504 6505 6506
259 6507 6508 6509 6510 6511
260 6512 6513 6514 6515 6516
260 6517 6518 6519 6520 6521
260 6522 6523 6524 6525 6526
260 6527 6528 6529 6530 6531
260 6532 6533 6534 6535 6536
261 6537 6538 6539 6540 6541
261 6542 6543 6544 6545 6546
261 6547 6548 6549 6550 6551
261 6552 6553 6554 6555 6556
261 6557 6558 6559 6560 6561
262 6562 6563 6564 6565 6566
262 6567 6568 6569 6570 6571
262 6572 6573 6574 6575 6576
262 6577 6578 6579 6580 6581
262 6582 6583 6584 6585 6586
263 6587 6588 6589 6590 6591
263 6592 6593 6594 6595 6596
263 6597 6598 6599 6600 6601
263 6602 6603 6604 6605 6606
263 6607 6608 6609 6610 6611
264 6612 6613 6614 6615 6616
264 6617 6618 6619 6620 6621
264 6622 6623 6624 6625 6626
264 6627 6628 6629 6630 6631
264 6632 6633 6634 6635 6636
265 6637 6638 6639 6640 6641
265 6642 6643 6644 6645 6646
265 6647 6648 6649 6650 6651
265 6652 6653 6654 6655 6656
265 6657 6658 6659 6660 6661
266 6662 6663 6664 6665 6666
266 6667 6668 6669 6670 6671
266 6672 6673 6674 6675 6676
266 6677 6678 6679 6680 6681
266 6682 6683 6684 6685 6686
267 6687 6688 6689 6690 6691
267 6692 6693 6694 6695 6696
267 6697 6698 6699 6700 6701
267 6702 6703 6704 6705 6706
267 6707 6708 6709 6710 6711
268 6712 6713 6714 6715 6716
268 6717 6718 6719 6720 6721
268 6722 6723 6724 6725 6726
268 6727 6728 6729 6730 6731
268 6732 6733 6734 6735 6736
269 6737 6738 6739 6740 6741
269 6742 6743 6744 6745 6746
269 6747 6748 6749 6750 6751
269 6752 6753 6754 6755 6756
269 6757 6758 6759 6760 6761
270 6762 6763 6764 6765 6766
270 6767 6768 6769 6770 6771
270 6772 6773 6774 6775 6776
270 6777 6778 6779 6780 6781
270 6782 6783 6784 6785 6786
271 6787 6788 6789 6790 6791
271 6792 6793 6794 6795 6796
271 6797 6798 6799 6800 6801
271 6802 6803 6804 6805 6806
271 6807 6808 6809 6810 6811
272 6812 6813 6814 6815 6816
272 6817 6818 6819 6820 6821
272 6822 6823 6824 6825 6826
272 6827 6828 6829 6830 6831
272 6832 6833 6834 6835 6836
273 6837 6838 6839 6840 6841
273 6842 6843 6844 6845 6846
273 6847 6848 6849 6850 6851
273 6852 6853 6854 6855 6856
273 6857 6858 6859 6860 6861
274 6862 6863 6864 6865 6866
274 6867 6868 6869 6870 6871
274 6872 6873 6874 6875 6876
274 6877 6878 6879 6880 6881
274 6882 6883 6884 6885 6886
275 6887 6888 6889 6890 6891
275 6892 6893 6894 6895 6896
275 6897 6898 6899 6900 6901
275 6902 6903 6904 6905 6906
275 6907 6908 6909 6910 6911
276 6912 6913 6914 6915 6916
276 6917 6918 6919 6920 6921
276 6922 6923 6924 6925 6926
276 6927 6928 6929 6930 6931
276 6932 6933 6934 6935 6936
277 6937 6938 6939 6940 6941
277 6942 6943 6944 6945 6946
277 6947 6948 6949 6950 6951
277 6952 6953 6954 6955 6956
277 6957 6958 6959 6960 6961
278 6962 6963 6964 6965 6966
278 6967 6968 6969 6970 6971
278 6972 6973 6974 6975 6976
278 6977 6978 6979 6980 6981
278 6982 6983 6984 6985 6986
279 6987 6988 6989 6990 6991
279 6992 6993 6994 6995 6996
279 6997 6998 6999 7000 7001
279 7002 7003 7004 7005 7006
279 7007 7008 7009 7010 7011
280 7012 7013 7014 7015 7016
280 7017 7018 7019 7020 7021
280 7022 7023 7024 7025 7026
280 7027 7028 7029 7030 7031
280 7032 7033 7034 7035 7036
281 7037 7038 7039 7040 7041
281 7042 7043 7044 7045 7046
281 7047 7048 7049 7050 7051
281 7052 7053 7054 7055 7056
281 7057 7058 7059 7060 7061
282 7062 7063 7064 7065 7066
282 7067 7068 7069 7070 7071
282 7072 7073 7074 7075 7076
282 7077 7078 7079 7080 7081
282 7082 7083 7084 7085 7086
283 7087 7088 7089 7090 7091
283 7092 7093 7094 7095 7096
283 7097 7098 7099 7100 7101
283 7102 7103 7104 7105 7106
283 7107 7108 7109 7110 7111
284 7112 7113 7114 7115 7116
284 7117 7118 7119 7120 7121
284 7122 7123 7124 7125 7126
284 7127 7128 7129 7130 7131
284 7132 7133 7134 7135 7136
285 7137 7138 7139 7140 7141
285 7142 7143 7144 7145 7146
285 7147 7148 7149 7150 7151
285 7152 7153 7154 7155 7156
285 7157 7158 7159 7160 7161
286 7162 7163 7164 7165 7166
286 7167 7168 7169 7170 7171
286 7172 7173 7174 7175 7176
286 7177 7178 7179 7180 7181
286 7182 7183 7184 7185 7186
287 7187 7188 7189 7190 7191
287 7192 7193 7194 7195 7196
287 7197 7198 7199 7200 7201
287 7202 7203 7204 7205 7206
287 7207 7208 7209 7210 7211
288 7212 7213 7214 7215 7216
288 7217 7218 7219 7220 7221
288 7222 7223 7224 7225 7226
288 7227 7228 7229 7230 7231
288 7232 7233 7234 7235 7236
289 7237 7238 7239 7240 7241
289 7242 7243 7244 7245 7246
289 7247 7248 7249 7250 7251
289 7252 7253 7254 7255 7256
289 7257 7258 7259 7260 7261
290 7262 7263 7264 7265 7266
290 7267 7268 7269 7270 7271
290 7272 7273 7274 7275 7276
290 7277 7278 7279 7280 7281
290 7282 7283 7284 7285 7286
291 7287 7288 7289 7290 7291
291 7292 7293 7294 7295 7296
291 7297 7298 7299 7300 7301
291 7302 7303 7304 7305 7306
291 7307 7308 7309 7310 7311
292 7312 7313 7314 7315 7316
292 7317 7318 7319 7320 7321
292 7322 7323 7324 7325 7326
292 7327 7328 7329 7330 7331
292 7332 7333 7334 7335 7336
293 7337 7338 7339 7340 7341
293 7342 7343 7344 7345 7346
293 7347 7348 7349 7350 7351
293 7352 7353 7354 7355 7356
293 7357 7358 7359 7360 7361
294 7362 7363 7364 7365 7366
294 7367 7368 7369 7370 7371
294 7372 7373 7374 7375 7376
294 7377 7378 7379 7380 7381
294 7382 7383 7384 7385 7386
295 7387 7388 7389 7390 7391
295 7392 7393 7394 7395 7396
295 7397 7398 7399 7400 7401
295 7402 7403 7404 7405 7406
295 7407 7408 7409 7410 7411
296 7412 7413 7414 7415 7416
296 7417 7418 7419 7420 7421
296 7422 7423 7424 7425 7426
296 7427 7428 7429 7430 7431
296 7432 7433 7434 7435 7436
297 7437 7438 7439 7440 7441
297 7442 7443 7444 7445 7446
297 7447 7448 7449 7450 7451
297 7452 7453 7454 7455 7456
297 7457 7458 7459 7460 7461
298 7462 7463 7464 7465 7466
298 7467 7468 7469 7470 7471
298 7472 7473 7474 7475 7476
298 7477 7478 7479 7480 7481
298 7482 7483 7484 7485 7486
299 7487 7488 7489 7490 7491
299 7492 7493 7494 7495 7496
299 7497 7498 7499 7500 7501
299 7502 7503 7504 7505 7506
299 7507 7508 7509 7510 7511
300 7512 7513 7514 7515 7516
300 7517 7518 7519 7520 7521
300 7522 7523 7524 7525 7526
300 7527 7528 7529 7530 7531
300 7532 7533 7534 7535 7536
301 7537 7538 7539 7540 7541
301 7542 7543 7544 7545 7546
301 7547 7548 7549 7550 7551
301 7552 7553 7554 7555 7556
301 7557 7558 7559 7560 7561
302 7562 7563 7564 7565 7566
302 7567 7568 7569 7570 7571
302 7572 7573 7574 7575 7576
302 7577 7578 7579 7580 7581
302 7582 7583 7584 7585 7586
303 7587 7588 7589 7590 7591
303 7592 7593 7594 7595 7596
303 7597 7598 7599 7600 7601
303 7602 7603 7604 7605 7606
303 7607 7608 7609 7610 7611
304 7612 7613 7614 7615 7616
304 7617 7618 7619 7620 7621
304 7622 7623 7624 7625 7626
304 7627 7628 7629 7630 7631
304 7632 7633 7634 7635 7636
305 7637 7638 7639 7640 7641
305 7642 7643 7644 7645 7646
305 7647 7648 7649 7650 7651
305 7652 7653 7654 7655 7656
305 7657 7658 7659 7660 7661
306 7662 7663 7664 7665 7666
306 7667 7668 7669 7670 7671
306 7672 7673 7674 7675 7676
306 7677 7678 7679 7680 7681
306 7682 7683 7684 7685 7686
307 7687 7688 7689 7690 7691
307 7692 7693 7694 7695 7696
307 7697 7698 7699 7700 7701
307 7702 7703 7704 7705 7706
307 7707 7708 7709 7710 7711
308 7712 7713 7714 7715 7716
308 7717 7718 7719 7720 7721
308 7722 7723 7724 7725 7726
308 7727 7728 7729 7730 7731
308 7732 7733 7734 7735 7736
309 7737 7738 7739 7740 7741
309 7742 7743 7744 7745 7746
309 7747 7748 7749 7750 7751
309 7752 7753 7754 7755 7756
309 7757 7758 7759 7760 7761
310 7762 7763 7764 7765 7766
310 7767 7768 7769 7770 7771
310 7772 7773 7774 7775 7776
310 7777 7778 7779 7780 7781
310 7782 7783 7784 7785 7786
311 7787 7788 7789 7790 7791
311 7792 7793 7794 7795 7796
311 7797 7798 7799 7800 7801
311 7802 7803 7804 7805 7806
311 7807 7808 7809 7810 7811
312 7812 7813 7814 7815 7816
312 7817 7818 7819 7820 7821
312 7822 7823 7824 7825 7826
312 7827 7828 7829 7830 7831
312 7832 7833 7834 7835 7836
313 7837 7838 7839 7840 7841
313 7842 7843 7844 7845 7846
313 7847 7848 7849 7850 7851
313 7852 7853 7854 7855 7856
313 7857 7858 7859 7860 7861
314 7862 7863 7864 7865 7866
314 7867 7868 7869 7870 7871
314 7872 7873 7874 7875 7876
314 7877 7878 7879 7880 7881
314 7882 7883 7884 7885 7886
315 7887 7888 7889 7890 7891
315 7892 7893 7894 7895 7896
315 7897 7898 7899 7900 7901
315 7902 7903 7904 7905 7906
315 7907 7908 7909 7910 7911
316 7912 7913 7914 7915 7916
316 7917 7918 7919 7920 7921
316 7922 7923 7924 7925 7926
316 7927 7928 7929 7930 7931
316 7932 7933 7934 7935 7936
317 7937 7938 7939 7940 7941
317 7942 7943 7944 7945 7946
317 7947 7948 7949 7950 7951
317 7952 7953 7954 7955 7956
317 7957 7958 7959 7960 7961
318 7962 7963 7964 7965 7966
318 7967 7968 7969 7970 7971
318 7972 7973 7974 7975 7976
318 7977 7978 7979 7980 7981
318 7982 7983 7984 7985 7986
319 7987 7988 7989 7990 7991
319 7992 7993 7994 7995 7996
319 7997 7998 7999 8000 8001
319 8002 8003 8004 8005 8006
319 8007 8008 8009 8010 8011
320 8012 8013 8014 8015 8016
320 8017 8018 8019 8020 8021
320 8022 8023 8024 8025 8026
320 8027 8028 8029 8030 8031
320 8032 8033 8034 8035 8036
321 8037 8038 8039 8040 8041
321 8042 8043 8044 8045 8046
321 8047 8048 8049 8050 8051
321 8052 8053 8054 8055 8056
321 8057 8058 8059 8060 8061
322 8062 8063 8064 8065 8066
322 8067 8068 8069 8070 8071
322 8072 8073 8074 8075 8076
322 8077 8078 8079 8080 8081
322 8082 8083 8084 8085 8086
323 8087 8088 8089 8090 8091
323 8092 8093 8094 8095 8096
323 8097 8098 8099 8100 8101
323 8102 8103 8104 8105 8106
323 8107 8108 8109 8110 8111
324 8112 8113 8114 8115 8116
324 8117 8118 8119 8120 8121
324 8122 8123 8124 8125 8126
324 8127 8128 8129 8130 8131
324 8132 8133 8134 8135 8136
325 8137 8138 8139 8140 8141
325 8142 8143 8144 8145 8146
325 8147 8148 8149 8150 8151
325 8152 8153 8154 8155 8156
325 8157 8158 8159 8160 8161
326 8162 8163 8164 8165 8166
326 8167 8168 8169 8170 8171
326 8172 8173 8174 8175 8176
326 8177 8178 8179 8180 8181
326 8182 8183 8184 8185 8186
327 8187 8188 8189 8190 8191
327 8192 8193 8194 8195 8196
327 8197 8198 8199 8200 8201
327 8202 8203 8204 8205 8206
327 8207 8208 8209 8210 8211
328 8212 8213 8214 8215 8216
328 8217 8218 8219 8220 8221
328 8222 8223 8224 8225 8226
328 8227 8228 8229 8230 8231
328 8232 8233 8234 8235 8236
329 8237 8238 8239 8240 8241
329 8242 8243 8244 8245 8246
329 8247 8248 8249 8250 8251
329 8252 8253 8254 8255 8256
329 8257 8258 8259 8260 8261
330 8262 8263 8264 8265 8266
330 8267 8268 8269 8270 8271
330 8272 8273 8274 8275 8276
330 8277 8278 8279 8280 8281
330 8282 8283 8284 8285 8286
331 8287 8288 8289 8290 8291
331 8292 8293 8294 8295 8296
331 8297 8298 8299 8300 8301
331 8302 8303 8304 8305 8306
331 8307 8308 8309 8310 8311
332 8312 8313 8314 8315 8316
332 8317 8318 8319 8320 8321
332 8322 8323 8324 8325 8326
332 8327 8328 8329 8330 8331
332 8332 8333 8334 8335 8336
333 8337 8338 8339 8340 8341
333 8342 8343 8344 8345 8346
333 8347 8348 8349 8350 8351
333 8352 8353 8354 8355 8356
333 8357 8358 8359 8360 8361
334 8362 8363 8364 8365 8366
334 8367 8368 8369 8370 8371
334 8372 8373 8374 8375 8376
334 8377 8378 8379 8380 8381
334 8382 8383 8384 8385 8386
335 8387 8388 8389 8390 8391
335 8392 8393 8394 8395 8396
335 8397 8398 8399 8400 8401
335 8402 8403 8404 8405 8406
335 8407 8408 8409 8410 8411
336 8412 8413 8414 8415 8416
336 8417 8418 8419 8420 8421
336 8422 8423 8424 8425 8426
336 8427 8428 8429 8430 8431
336 8432 8433 8434 8435 8436
337 8437 8438 8439 8440 8441
337 8442 8443 8444 8445 8446
337 8447 8448 8449 8450 8451
337 8452 8453 8454 8455 8456
337 8457 8458 8459 8460 8461
338 8462 8463 8464 8465 8466
338 8467 8468 8469 8470 8471
338 8472 8473 8474 8475 8476
338 8477 8478 8479 8480 8481
338 8482 8483 8484 8485 8486
339 8487 8488 8489 8490 8491
339 8492 8493 8494 8495 8496
339 8497 8498 8499 8500 8501
339 8502 8503 8504 8505 8506
339 8507 8508 8509 8510 8511
340 8512 8513 8514 8515 8516
340 8517 8518 8519 8520 8521
340 8522 8523 8524 8525 8526
340 8527 8528 8529 8530 8531
340 8532 8533 8534 8535 8536
341 8537 8538 8539 8540 8541
341 8542 8543 8544 8545 8546
341 8547 8548 8549 8550 8551
341 8552 8553 8554 8555 8556
341 8557 8558 8559 8560 8561
342 8562 8563 8564 8565 8566
342 8567 8568 8569 8570 8571
342 8572 8573 8574 8575 8576
342 8577 8578 8579 8580 8581
342 8582 8583 8584 8585 8586
343 8587 8588 8589 8590 8591
343 8592 8593 8594 8595 8596
343 8597 8598 8599 8600 8601
343 8602 8603 8604 8605 8606
343 8607 8608 8609 8610 8611
344 8612 8613 8614 8615 8616
344 8617 8618 8619 8620 8621
344 8622 8623 8624 8625 8626
344 8627 8628 8629 8630 8631
344 8632 8633 8634 8635 8636
345 8637 8638 8639 8640 8641
345 8642 8643 8644 8645 8646
345 8647 8648 8649 8650 8651
345 8652 8653 8654 8655 8656
345 8657 8658 8659 8660 8661
346 8662 8663 8664 8665 8666
346 8667 8668 8669 8670 8671
346 8672 8673 8674 8675 8676
346 8677 8678 8679 8680 8681
346 8682 8683 8684 8685 8686
347 8687 8688 8689 8690 8691
347 8692 8693 8694 8695 8696
347 8697 8698 8699 8700 8701
347 8702 8703 8704 8705 8706
347 8707 8708 8709 8710 8711
348 8712 8713 8714 8715 8716
348 8717 8718 8719 8720 8721
348 8722 8723 8724 8725 8726
348 8727 8728 8729 8730 8731
348 8732 8733 8734 8735 8736
349 8737 8738 8739 8740 8741
349 8742 8743 8744 8745 8746
349 8747 8748 8749 8750 8751
349 8752 8753 8754 8755 8756
349 8757 8758 8759 8760 8761
350 8762 8763 8764 8765 8766
350 8767 8768 8769 8770 8771
350 8772 8773 8774 8775 8776
350 8777 8778 8779 8780 8781
350 8782 8783 8784 8785 8786
351 8787 8788 8789 8790 8791
351 8792 8793 8794 8795 8796
351 8797 8798 8799 8800 8801
351 8802 8803 8804 8805 8806
351 8807 8808 8809 8810 8811
352 8812 8813 8814 8815 8816
352 8817 8818 8819 8820 8821
352 8822 8823 8824 8825 8826
352 8827 8828 8829 8830 8831
352 8832 8833 8834 8835 8836
353 8837 8838 8839 8840 8841
353 8842 8843 8844 8845 8846
353 8847 8848 8849 8850 8851
353 8852 8853 8854 8855 8856
353 8857 8858 8859 8860 8861
354 8862 8863 8864 8865 8866
354 8867 8868 8869 8870 8871
354 8872 8873 8874 8875 8876
354 8877 8878 8879 8880 8881
354 8882 8883 8884 8885 8886
355 8887 8888 8889 8890 8891
355 8892 8893 8894 8895 8896
355 8897 8898 8899 8900 8901
355 8902 8903 8904 8905 8906
355 8907 8908 8909 8910 8911
356 8912 8913 8914 8915 8916
356 8917 8918 8919 8920 8921
356 8922 8923 8924 8925 8926
356 8927 8928 8929 8930 8931
356 8932 8933 8934 8935 8936
357 8937 8938 8939 8940 8941
357 8942 8943 8944 8945 8946
357 8947 8948 8949 8950 8951
357 8952 8953 8954 8955 8956
357 8957 8958 8959 8960 8961
358 8962 8963 8964 8965 8966
358 8967 8968 8969 8970 8971
358 8972 8973 8974 8975 8976
358 8977 8978 8979 8980 8981
358 8982 8983 8984 8985 8986
359 8987 8988 8989 8990 8991
359 8992 8993 8994 8995 8996
359 8997 8998 8999 9000 9001
359 9002 9003 9004 9005 9006
359 9007 9008 9009 9010 9011
360 9012 9013 9014 9015 9016
360 9017 9018 9019 9020 9021
360 9022 9023 9024 9025 9026
360 9027 9028 9029 9030 9031
360 9032 9033 9034 9035 9036
361 9037 9038 9039 9040 9041
361 9042 9043 9044 9045 9046
361 9047 9048 9049 9050 9051
361 9052 9053 9054 9055 9056
361 9057 9058 9059 9060 9061
362 9062 9063 9064 9065 9066
362 9067 9068 9069 9070 9071
362 9072 9073 9074 9075 9076
362 9077 9078 9079 9080 9081
362 9082 9083 9084 9085 9086
363 9087 9088 9089 9090 9091
363 9092 9093 9094 9095 9096
363 9097 9098 9099 9100 9101
363 9102 9103 9104 9105 9106
363 9107 9108 9109 9110 9111
364 9112 9113 9114 9115 9116
364 9117 9118 9119 9120 9121
364 9122 9123 9124 9125 9126
364 9127 9128 9129 9130 9131
364 9132 9133 9134 9135 9136
365 9137 9138 9139 9140 9141
365 9142 9143 9144 9145 9146
365 9147 9148 9149 9150 9151
365 9152 9153 9154 9155 9156
365 9157 9158 9159 9160 9161
366 9162 9163 9164 9165 9166
366 9167 9168 9169 9170 9171
366 9172 9173 9174 9175 9176
366 9177 9178 9179 9180 9181
366 9182 9183 9184 9185 9186
367 9187 9188 9189 9190 9191
367 9192 9193 9194 9195 9196
367 9197 9198 9199 9200 9201
367 9202 9203 9204 9205 9206
367 9207 9208 9209 9210 9211
368 9212 9213 9214 9215 9216
368 9217 9218 9219 9220 9221
368 9222 9223 9224 9225 9226
368 9227 9228 9229 9230 9231
368 9232 9233 9234 9235 9236
369 9237 9238 9239 9240 9241
369 9242 9243 9244 9245 9246
369 9247 9248 9249 9250 9251
369 9252 9253 9254 9255 9256
369 9257 9258 9259 9260 9261
370 9262 9263 9264 9265 9266
370 9267 9268 9269 9270 9271
370 9272 9273 9274 9275 9276
370 9277 9278 9279 9280 9281
370 9282 9283 9284 9285 9286
371 9287 9288 9289 9290 9291
371 9292 9293 9294 9295 9296
371 9297 9298 9299 9300 9301
371 9302 9303 9304 9305 9306
371 9307 9308 9309 9310 9311
372 9312 9313 9314 9315 9316
372 9317 9318 9319 9320 9321
372 9322 9323 9324 9325 9326
372 9327 9328 9329 9330 9331
372 9332 9333 9334 9335 9336
373 9337 9338 9339 9340 9341
373 9342 9343 9344 9345 9346
373 9347 9348 9349 9350 9351
373 9352 9353 9354 9355 9356
373 9357 9358 9359 9360 9361
374 9362 9363 9364 9365 9366
374 9367 9368 9369 9370 9371
374 9372 9373 9374 9375 9376
374 9377 9378 9379 9380 9381
374 9382 9383 9384 9385 9386
375 9387 9388 9389 9390 9391
375 9392 9393 9394 9395 9396
375 9397 9398 9399 9400 9401
375 9402 9403 9404 9405 9406
375 9407 9408 9409 9410 9411
376 9412 9413 9414 9415 9416
376 9417 9418 9419 9420 9421
376 9422 9423 9424 9425 9426
376 9427 9428 9429 9430 9431
376 9432 9433 9434 9435 9436
377 9437 9438 9439 9440 9441
377 9442 9443 9444 9445 9446
377 9447 9448 9449 9450 9451
377 9452 9453 9454 9455 9456
377 9457 9458 9459 9460 9461
378 9462 9463 9464 9465 9466
378 9467 9468 9469 9470 9471
378 9472 9473 9474 9475 9476
378 9477 9478 9479 9480 9481
378 9482 9483 9484 9485 9486
379 9487 9488 9489 9490 9491
379 9492 9493 9494 9495 9496
379 9497 9498 9499 9500 9501
379 9502 9503 9504 9505 9506
379 9507 9508 9509 9510 9511
380 9512 9513 9514 9515 9516
380 9517 9518 9519 9520 9521
380 9522 9523 9524 9525 9526
380 9527 9528 9529 9530 9531
380 9532 9533 9534 9535 9536
381 9537 9538 9539 9540 9541
381 9542 9543 9544 9545 9546
381 9547 9548 9549 9550 9551
381 9552 9553 9554 9555 9556
381 9557 9558 9559 9560 9561
382 9562 9563 9564 9565 9566
382 9567 9568 9569 9570 9571
382 9572 9573 9574 9575 9576
382 9577 9578 9579 9580 9581
382 9582 9583 9584 9585 9586
383 9587 9588 9589 9590 9591
383 9592 9593 9594 9595 9596
383 9597 9598 9599 9600 9601
383 9602 9603 9604 9605 9606
383 9607 9608 9609 9610 9611
384 9612 9613 9614 9615 9616
384 9617 9618 9619 9620 9621
384 9622 9623 9624 9625 9626
384 9627 9628 9629 9630 9631
384 9632 9633 9634 9635 9636
385 9637 9638 9639 9640 9641
385 9642 9643 9644 9645 9646
385 9647 9648 9649 9650 9651
385 9652 9653 9654 9655 9656
385 9657 9658 9659 9660 9661
386 9662 9663 9664 9665 9666
386 9667 9668 9669 9670 9671
386 9672 9673 9674 9675 9676
386 9677 9678 9679 9680 9681
386 9682 9683 9684 9685 9686
387 9687 9688 9689 9690 9691
387 9692 9693 9694 9695 9696
387 9697 9698 9699 9700 9701
387 9702 9703 9704 9705 9706
387 9707 9708 9709 9710 9711
388 9712 9713 9714 9715 9716
388 9717 9718 9719 9720 9721
388 9722 9723 9724 9725 9726
388 9727 9728 9729 9730 9731
388 9732 9733 9734 9735 9736
389 9737 9738 9739 9740 9741
389 9742 9743 9744 9745 9746
389 9747 9748 9749 9750 9751
389 9752 9753 9754 9755 9756
389 9757 9758 9759 9760 9761
390 9762 9763 9764 9765 9766
390 9767 9768 9769 9770 9771
390 9772 9773 9774 9775 9776
390 9777 9778 9779 9780 9781
390 9782 9783 9784 9785 9786
391 9787 9788 9789 9790 9791
391 9792 9793 9794 9795 9796
391 9797 9798 9799 9800 9801
391 9802 9803 9804 9805 9806
391 9807 9808 9809 9810 9811
392 9812 9813 9814 9815 9816
392 9817 9818 9819 9820 9821
392 9822 9823 9824 9825 9826
392 9827 9828 9829 9830 9831
392 9832 9833 9834 9835 9836
393 9837 9838 9839 9840 9841
393 9842 9843 9844 9845 9846
393 9847 9848 9849 9850 9851
393 9852 9853 9854 9855 9856
393 9857 9858 9859 9860 9861
394 9862 9863 9864 9865 9866
394 9867 9868 9869 9870 9871
394 9872 9873 9874 9875 9876
394 9877 9878 9879 9880 9881
394 9882 9883 9884 9885 9886
395 9887 9888 9889 9890 9891
395 9892 9893 9894 9895 9896
395 9897 9898 9899 9900 9901
395 9902 9903 9904 9905 9906
395 9907 9908 9909 9910 9911
396 9912 9913 9914 9915 9916
396 9917 9918 9919 9920 9921
396 9922 9923 9924 9925 9926
396 9927 9928 9929 9930 9931
396 9932 9933 9934 9935 9936
397 9937 9938 9939 9940 9941
397 9942 9943 9944 9945 9946
397 9947 9948 9949 9950 9951
397 9952 9953 9954 9955 9956
397 9957 9958 9959 9960 9961
398 9962 9963 9964 9965 9966
398 9967 9968 9969 9970 9971
398 9972 9973 9974 9975 9976
398 9977 9978 9979 9980 9981
398 9982 9983 9984 9985 9986
399 9987 9988 9989 9990 9991
399 9992 9993 9994 9995 9996
399 9997 9998 9999
399
399
400
400
400
400
400
401
401
401
401
401
402
402
402
402
402
403
403
403
403
403
404
404
404
404
404
405
405
405
405
405
406
406
406
406
406
407
407
407
407
407
408
408
408
408
408
409
409
409
409
409
410
410
410
410
410
411
411
411
411
411
412
412
412
412
412
413
413
413
413
413
414
414
414
414
414
415
415
415
415
415
416
416
416
416
416
417
417
417
417
417
418
418
418
418
418
419
419
419
419
419
420
420
420
420
420
421
421
421
421
421
422
422
422
422
422
423
423
423
423
423
424
424
424
424
424
425
425
425
425
425
426
426
426
426
426
427
427
427
427
427
428
428
428
428
428
429
429
429
429
429
430
430
430
430
430
431
431
431
431
431
432
432
432
432
432
433
433
433
433
433
434
434
434
434
434
435
435
435
435
435
436
436
436
436
436
437
437
437
437
437
438
438
438
438
438
439
439
439
439
439
440
440
440
440
440
441
441
441
441
441
442
442
442
442
442
443
443
443
443
443
444
444
444
444
444
445
445
445
445
445
446
446
446
446
446
447
447
447
447
447
448
448
448
448
448
449
449
449
449
449
450
450
450
450
450
451
451
451
451
451
452
452
452
452
452
453
453
453
453
453
454
454
454
454
454
455
455
455
455
455
456
456
456
456
456
457
457
457
457
457
458
458
458
458
458
459
459
459
459
459
460
460
460
460
460
461
461
461
461
461
462
462
462
462
462
463
463
463
463
463
464
464
464
464
464
465
465
465
465
465
466
466
466
466
466
467
467
467
467
467
468
468
468
468
468
469
469
469
469
469
470
470
470
470
470
471
471
471
471
471
472
472
472
472
472
473
473
473
473
473
474
474
474
474
474
475
475
475
475
475
476
476
476
476
476
477
477
477
477
477
478
478
478
478
478
479
479
479
479
479
480
480
480
480
480
481
481
481
481
481
482
482
482
482
482
483
483
483
483
483
484
484
484
484
484
485
485
485
485
485
486
486
486
486
486
487
487
487
487
487
488
488
488
488
488
489
489
489
489
489
490
490
490
490
490
491
491
491
491
491
492
492
492
492
492
493
493
493
493
493
494
494
494
494
494
495
495
495
495
495
496
496
496
496
496
497
497
497
497
497
498
498
498
498
498
499
499
499
499
499
500
500
500
500
500
501
501
501
501
501
502
502
502
502
502
503
503
503
503
503
504
504
504
504
504
505
505
505
505
505
506
506
506
506
506
507
507
507
507
507
508
508
508
508
508
509
509
509
509
509
510
510
510
510
510
511
511
511
511
511
512
512
512
512
512
513
513
513
513
513
514
514
514
514
514
515
515
515
515
515
516
516
516
516
516
517
517
517
517
517
518
518
518
518
518
519
519
519
519
519
520
520
520
520
520
521
521
521
521
521
522
522
522
522
522
523
523
523
523
523
524
524
524
524
524
525
525
525
525
525
526
526
526
526
526
527
527
527
527
527
528
528
528
528
528
529
529
529
529
529
530
530
530
530
530
531
531
531
531
531
532
532
532
532
532
533
533
533
533
533
534
534
534
534
534
535
535
535
535
535
536
536
536
536
536
537
537
537
537
537
538
538
538
538
538
539
539
539
539
539
540
540
540
540
540
541
541
541
541
541
542
542
542
542
542
543
543
543
543
543
544
544
544
544
544
545
545
545
545
545
546
546
546
546
546
547
547
547
547
547
548
548
548
548
548
549
549
549
549
549
550
550
550
550
550
551
551
551
551
551
552
552
552
552
552
553
553
553
553
553
554
554
554
554
554
555
555
555
555
555
556
556
556
556
556
557
557
557
557
557
558
558
558
558
558
559
559
559
559
559
560
560
560
560
560
561
561
561
561
561
562
562
562
562
562
563
563
563
563
563
564
564
564
564
564
565
565
565
565
565
566
566
566
566
566
567
567
567
567
567
568
568
568
568
568
569
569
569
569
569
570
570
570
570
570
571
571
571
571
571
572
572
572
572
572
573
573
573
573
573
574
574
574
574
574
575
575
575
575
575
576
576
576
576
576
577
577
577
577
577
578
578
578
578
578
579
579
579
579
579
580
580
580
580
580
581
581
581
581
581
582
582
582
582
582
583
583
583
583
583
584
584
584
584
584
585
585
585
585
585
586
586
586
586
586
587
587
587
587
587
588
588
588
588
588
589
589
589
589
589
590
590
590
590
590
591
591
591
591
591
592
592
592
592
592
593
593
593
593
593
594
594
594
594
594
595
595
595
595
595
596
596
596
596
596
597
597
597
597
597
598
598
598
598
598
599
599
599
599
599
600
600
600
600
600
601
601
601
601
601
602
602
602
602
602
603
603
603
603
603
604
604
604
604
604
605
605
605
605
605
606
606
606
606
606
607
607
607
607
607
608
608
608
608
608
609
609
609
609
609
610
610
610
610
610
611
611
611
611
611
612
612
612
612
612
613
613
613
613
613
614
614
614
614
614
615
615
615
615
615
616
616
616
616
616
617
617
617
617
617
618
618
618
618
618
619
619
619
619
619
620
620
620
620
620
621
621
621
621
621
622
622
622
622
622
623
623
623
623
623
624
624
624
624
624
625
625
625
625
625
626
626
626
626
626
627
627
627
627
627
628
628
628
628
628
629
629
629
629
629
630
630
630
630
630
631
631
631
631
631
632
632
632
632
632
633
633
633
633
633
634
634
634
634
634
635
635
635
635
635
636
636
636
636
636
637
637
637
637
637
638
638
638
638
638
639
639
639
639
639
640
640
640
640
640
641
641
641
641
641
642
642
642
642
642
643
643
643
643
643
644
644
644
644
644
645
645
645
645
645
646
646
646
646
646
647
647
647
647
647
648
648
648
648
648
649
649
649
649
649
650
650
650
650
650
651
651
651
651
651
652
652
652
652
652
653
653
653
653
653
654
654
654
654
654
655
655
655
655
655
656
656
656
656
656
657
657
657
657
657
658
658
658
658
658
659
659
659
659
659
660
660
660
660
660
661
661
661
661
661
662
662
662
662
662
663
663
663
663
663
664
664
664
664
664
665
665
665
665
665
666
666
666
666
666
667
667
667
667
667
668
668
668
668
668
669
669
669
669
669
670
670
670
670
670
671
671
671
671
671
672
672
672
672
672
673
673
673
673
673
674
674
674
674
674
675
675
675
675
675
676
676
676
676
676
677
677
677
677
677
678
678
678
678
678
679
679
679
679
679
680
680
680
680
680
681
681
681
681
681
682
682
682
682
682
683
683
683
683
683
684
684
684
684
684
685
685
685
685
685
686
686
686
686
686
687
687
687
687
687
688
688
688
688
688
689
689
689
689
689
690
690
690
690
690
691
691
691
691
691
692
692
692
692
692
693
693
693
693
693
694
694
694
694
694
695
695
695
695
695
696
696
696
696
696
697
697
697
697
697
698
698
698
698
698
699
699
699
699
699
700
700
700
700
700
701
701
701
701
701
702
702
702
702
702
703
703
703
703
703
704
704
704
704
704
705
705
705
705
705
706
706
706
706
706
707
707
707
707
707
708
708
708
708
708
709
709
709
709
709
710
710
710
710
710
711
711
711
711
711
712
712
712
712
712
713
713
713
713
713
714
714
714
714
714
715
715
715
715
715
716
716
716
716
716
717
717
717
717
717
718
718
718
718
718
719
719
719
719
719
720
720
720
720
720
721
721
721
721
721
722
722
722
722
722
723
723
723
723
723
724
724
724
724
724
725
725
725
725
725
726
726
726
726
726
727
727
727
727
727
728
728
728
728
728
729
729
729
729
729
730
730
730
730
730
731
731
731
731
731
732
732
732
732
732
733
733
733
733
733
734
734
734
734
734
735
735
735
735
735
736
736
736
736
736
737
737
737
737
737
738
738
738
738
738
739
739
739
739
739
740
740
740
740
740
741
741
741
741
741
742
742
742
742
742
743
743
743
743
743
744
744
744
744
744
745
745
745
745
745
746
746
746
746
746
747
747
747
747
747
748
748
748
748
748
749
749
749
749
749
750
750
750
750
750
751
751
751
751
751
752
752
752
752
752
753
753
753
753
753
754
754
754
754
754
755
755
755
755
755
756
756
756
756
756
757
757
757
757
757
758
758
758
758
758
759
759
759
759
759
760
760
760
760
760
761
761
761
761
761
762
762
762
762
762
763
763
763
763
763
764
764
764
764
764
765
765
765
765
765
766
766
766
766
766
767
767
767
767
767
768
768
768
768
768
769
769
769
769
769
770
770
770
770
770
771
771
771
771
771
772
772
772
772
772
773
773
773
773
773
774
774
774
774
774
775
775
775
775
775
776
776
776
776
776
777
777
777
777
777
778
778
778
778
778
779
779
779
779
779
780
780
780
780
780
781
781
781
781
781
782
782
782
782
782
783
783
783
783
783
784
784
784
784
784
785
785
785
785
785
786
786
786
786
786
787
787
787
787
787
788
788
788
788
788
789
789
789
789
789
790
790
790
790
790
791
791
791
791
791
792
792
792
792
792
793
793
793
793
793
794
794
794
794
794
795
795
795
795
795
796
796
796
796
796
797
797
797
797
797
798
798
798
798
798
799
799
799
799
799
800
800
800
800
800
801
801
801
801
801
802
802
802
802
802
803
803
803
803
803
804
804
804
804
804
805
805
805
805
805
806
806
806
806
806
807
807
807
807
807
808
808
808
808
808
809
809
809
809
809
810
810
810
810
810
811
811
811
811
811
812
812
812
812
812
813
813
813
813
813
814
814
814
814
814
815
815
815
815
815
816
816
816
816
816
817
817
817
817
817
818
818
818
818
818
819
819
819
819
819
820
820
820
820
820
821
821
821
821
821
822
822
822
822
822
823
823
823
823
823
824
824
824
824
824
825
825
825
825
825
826
826
826
826
826
827
827
827
827
827
828
828
828
828
828
829
829
829
829
829
830
830
830
830
830
831
831
831
831
831
832
832
832
832
832
833
833
833
833
833
834
834
834
834
834
835
835
835
835
835
836
836
836
836
836
837
837
837
837
837
838
838
838
838
838
839
839
839
839
839
840
840
840
840
840
841
841
841
841
841
842
842
842
842
842
843
843
843
843
843
844
844
844
844
844
845
845
845
845
845
846
846
846
846
846
847
847
847
847
847
848
848
848
848
848
849
849
849
849
849
850
850
850
850
850
851
851
851
851
851
852
852
852
852
852
853
853
853
853
853
854
854
854
854
854
855
855
855
855
855
856
856
856
856
856
857
857
857
857
857
858
858
858
858
858
859
859
859
859
859
860
860
860
860
860
861
861
861
861
861
862
862
862
862
862
863
863
863
863
863
864
864
864
864
864
865
865
865
865
865
866
866
866
866
866
867
867
867
867
867
868
868
868
868
868
869
869
869
869
869
870
870
870
870
870
871
871
871
871
871
872
872
872
872
872
873
873
873
873
873
874
874
874
874
874
875
875
875
875
875
876
876
876
876
876
877
877
877
877
877
878
878
878
878
878
879
879
879
879
879
880
880
880
880
880
881
881
881
881
881
882
882
882
882
882
883
883
883
883
883
884
884
884
884
884
885
885
885
885
885
886
886
886
886
886
887
887
887
887
887
888
888
888
888
888
889
889
889
889
889
890
890
890
890
890
891
891
891
891
891
892
892
892
892
892
893
893
893
893
893
894
894
894
894
894
895
895
895
895
895
896
896
896
896
896
897
897
897
897
897
898
898
898
898
898
899
899
899
899
899
900
900
900
900
900
901
901
901
901
901
902
902
902
902
902
903
903
903
903
903
904
904
904
904
904
905
905
905
905
905
906
906
906
906
906
907
907
907
907
907
908
908
908
908
908
909
909
909
909
909
910
910
910
910
910
911
911
911
911
911
912
912
912
912
912
913
913
913
913
913
914
914
914
914
914
915
915
915
915
915
916
916
916
916
916
917
917
917
917
917
918
918
918
918
918
919
919
919
919
919
920
920
920
920
920
921
921
921
921
921
922
922
922
922
922
923
923
923
923
923
924
924
924
924
924
925
925
925
925
925
926
926
926
926
926
927
927
927
927
927
928
928
928
928
928
929
929
929
929
929
930
930
930
930
930
931
931
931
931
931
932
932
932
932
932
933
933
933
933
933
934
934
934
934
934
935
935
935
935
935
936
936
936
936
936
937
937
937
937
937
938
938
938
938
938
939
939
939
939
939
940
940
940
940
940
941
941
941
941
941
942
942
942
942
942
943
943
943
943
943
944
944
944
944
944
945
945
945
945
945
946
946
946
946
946
947
947
947
947
947
948
948
948
948
948
949
949
949
949
949
950
950
950
950
950
951
951
951
951
951
952
952
952
952
952
953
953
953
953
953
954
954
954
954
954
955
955
955
955
955
956
956
956
956
956
957
957
957
957
957
958
958
958
958
958
959
959
959
959
959
960
960
960
960
960
961
961
961
961
961
962
962
962
962
962
963
963
963
963
963
964
964
964
964
964
965
965
965
965
965
966
966
966
966
966
967
967
967
967
967
968
968
968
968
968
969
969
969
969
969
970
970
970
970
970
971
971
971
971
971
972
972
972
972
972
973
973
973
973
973
974
974
974
974
974
975
975
975
975
975
976
976
976
976
976
977
977
977
977
977
978
978
978
978
978
979
979
979
979
979
980
980
980
980
980
981
981
981
981
981
982
982
982
982
982
983
983
983
983
983
984
984
984
984
984
985
985
985
985
985
986
986
986
986
986
987
987
987
987
987
988
988
988
988
988
989
989
989
989
989
990
990
990
990
990
991
991
991
991
991
992
992
992
992
992
993
993
993
993
993
994
994
994
994
994
995
995
995
995
995
996
996
996
996
996
997
997
997
997
997
998
998
998
998
998
999
999
999
999
999
1000
1000
1000
1000
1000
1001
1001
1001
1001
1001
1002
1002
1002
1002
1002
1003
1003
1003
1003
1003
1004
1004
1004
1004
1004
1005
1005
1005
1005
1005
1006
1006
1006
1006
1006
1007
1007
1007
1007
1007
1008
1008
1008
1008
1008
1009
1009
1009
1009
1009
1010
1010
1010
1010
1010
1011
1011
1011
1011
1011
1012
1012
1012
1012
1012
1013
1013
1013
1013
1013
1014
1014
1014
1014
1014
1015
1015
1015
1015
1015
1016
1016
1016
1016
1016
1017
1017
1017
1017
1017
1018
1018
1018
1018
1018
1019
1019
1019
1019
1019
1020
1020
1020
1020
1020
1021
1021
1021
1021
1021
1022
1022
1022
1022
1022
1023
1023
1023
1023
1023
1024
1024
1024
1024
1024
1025
1025
1025
1025
1025
1026
1026
1026
1026
1026
1027
1027
1027
1027
1027
1028
1028
1028
1028
1028
1029
1029
1029
1029
1029
1030
1030
1030
1030
1030
1031
1031
1031
1031
1031
1032
1032
1032
1032
1032
1033
1033
1033
1033
1033
1034
1034
1034
1034
1034
1035
1035
1035
1035
1035
1036
1036
1036
1036
1036
1037
1037
1037
1037
1037
1038
1038
1038
1038
1038
1039
1039
1039
1039
1039
1040
1040
1040
1040
1040
1041
1041
1041
1041
1041
1042
1042
1042
1042
1042
1043
1043
1043
1043
1043
1044
1044
1044
1044
1044
1045
1045
1045
1045
1045
1046
1046
1046
1046
1046
1047
1047
1047
1047
1047
1048
1048
1048
1048
1048
1049
1049
1049
1049
1049
1050
1050
1050
1050
1050
1051
1051
1051
1051
1051
1052
1052
1052
1052
1052
1053
1053
1053
1053
1053
1054
1054
1054
1054
1054
1055
1055
1055
1055
1055
1056
1056
1056
1056
1056
1057
1057
1057
1057
1057
1058
1058
1058
1058
1058
1059
1059
1059
1059
1059
1060
1060
1060
1060
1060
1061
1061
1061
1061
1061
1062
1062
1062
1062
1062
1063
1063
1063
1063
1063
1064
1064
1064
1064
1064
1065
1065
1065
1065
1065
1066
1066
1066
1066
1066
1067
1067
1067
1067
1067
1068
1068
1068
1068
1068
1069
1069
1069
1069
1069
1070
1070
1070
1070
1070
1071
1071
1071
1071
1071
1072
1072
1072
1072
1072
1073
1073
1073
1073
1073
1074
1074
1074
1074
1074
1075
1075
1075
1075
1075
1076
1076
1076
1076
1076
1077
1077
1077
1077
1077
1078
1078
1078
1078
1078
1079
1079
1079
1079
1079
1080
1080
1080
1080
1080
1081
1081
1081
1081
1081
1082
1082
1082
1082
1082
1083
1083
1083
1083
1083
1084
1084
1084
1084
1084
1085
1085
1085
1085
1085
1086
1086
1086
1086
1086
1087
1087
1087
1087
1087
1088
1088
1088
1088
1088
1089
1089
1089
1089
1089
1090
1090
1090
1090
1090
1091
1091
1091
1091
1091
1092
1092
1092
1092
1092
1093
1093
1093
1093
1093
1094
1094
1094
1094
1094
1095
1095
1095
1095
1095
1096
1096
1096
1096
1096
1097
1097
1097
1097
1097
1098
1098
1098
1098
1098
1099
1099
1099
1099
1099
1100
1100
1100
1100
1100
1101
1101
1101
1101
1101
1102
1102
1102
1102
1102
1103
1103
1103
1103
1103
1104
1104
1104
1104
1104
1105
1105
1105
1105
1105
1106
1106
1106
1106
1106
1107
1107
1107
1107
1107
1108
1108
1108
1108
1108
1109
1109
1109
1109
1109
1110
1110
1110
1110
1110
1111
1111
1111
1111
1111
1112
1112
1112
1112
1112
1113
1113
1113
1113
1113
1114
1114
1114
1114
1114
1115
1115
1115
1115
1115
1116
1116
1116
1116
1116
1117
1117
1117
1117
1117
1118
1118
1118
1118
1118
1119
1119
1119
1119
1119
1120
1120
1120
1120
1120
1121
1121
1121
1121
1121
1122
1122
1122
1122
1122
1123
1123
1123
1123
1123
1124
1124
1124
1124
1124
1125
1125
1125
1125
1125
1126
1126
1126
1126
1126
1127
1127
1127
1127
1127
1128
1128
1128
1128
1128
1129
1129
1129
1129
1129
1130
1130
1130
1130
1130
1131
1131
1131
1131
1131
1132
1132
1132
1132
1132
1133
1133
1133
1133
1133
1134
1134
1134
1134
1134
1135
1135
1135
1135
1135
1136
1136
1136
1136
1136
1137
1137
1137
1137
1137
1138
1138
1138
1138
1138
1139
1139
1139
1139
1139
1140
1140
1140
1140
1140
1141
1141
1141
1141
1141
1142
1142
1142
1142
1142
1143
1143
1143
1143
1143
1144
1144
1144
1144
1144
1145
1145
1145
1145
1145
1146
1146
1146
1146
1146
1147
1147
1147
1147
1147
1148
1148
1148
1148
1148
1149
1149
1149
1149
1149
1150
1150
1150
1150
1150
1151
1151
1151
1151
1151
1152
1152
1152
1152
1152
1153
1153
1153
1153
1153
1154
1154
1154
1154
1154
1155
1155
1155
1155
1155
1156
1156
1156
1156
1156
1157
1157
1157
1157
1157
1158
1158
1158
1158
1158
1159
1159
1159
1159
1159
1160
1160
1160
1160
1160
1161
1161
1161
1161
1161
1162
1162
1162
1162
1162
1163
1163
1163
1163
1163
1164
1164
1164
1164
1164
1165
1165
1165
1165
1165
1166
1166
1166
1166
1166
1167
1167
1167
1167
1167
1168
1168
1168
1168
1168
1169
1169
1169
1169
1169
1170
1170
1170
1170
1170
1171
1171
1171
1171
1171
1172
1172
1172
1172
1172
1173
1173
1173
1173
1173
1174
1174
1174
1174
1174
1175
1175
1175
1175
1175
1176
1176
1176
1176
1176
1177
1177
1177
1177
1177
1178
1178
1178
1178
1178
1179
1179
1179
1179
1179
1180
1180
1180
1180
1180
1181
1181
1181
1181
1181
1182
1182
1182
1182
1182
1183
1183
1183
1183
1183
1184
1184
1184
1184
1184
1185
1185
1185
1185
1185
1186
1186
1186
1186
1186
1187
1187
1187
1187
1187
1188
1188
1188
1188
1188
1189
1189
1189
1189
1189
1190
1190
1190
1190
1190
1191
1191
1191
1191
1191
1192
1192
1192
1192
1192
1193
1193
1193
1193
1193
1194
1194
1194
1194
1194
1195
1195
1195
1195
1195
1196
1196
1196
1196
1196
1197
1197
1197
1197
1197
1198
1198
1198
1198
1198
1199
1199
1199
1199
1199
1200
1200
1200
1200
1200
1201
1201
1201
1201
1201
1202
1202
1202
1202
1202
1203
1203
1203
1203
1203
1204
1204
1204
1204
1204
1205
1205
1205
1205
1205
1206
1206
1206
1206
1206
1207
1207
1207
1207
1207
1208
1208
1208
1208
1208
1209
1209
1209
1209
1209
1210
1210
1210
1210
1210
1211
1211
1211
1211
1211
1212
1212
1212
1212
1212
1213
1213
1213
1213
1213
1214
1214
1214
1214
1214
1215
1215
1215
1215
1215
1216
1216
1216
1216
1216
1217
1217
1217
1217
1217
1218
1218
1218
1218
1218
1219
1219
1219
1219
1219
1220
1220
1220
1220
1220
1221
1221
1221
1221
1221
1222
1222
1222
1222
1222
1223
1223
1223
1223
1223
1224
1224
1224
1224
1224
1225
1225
1225
1225
1225
1226
1226
1226
1226
1226
1227
1227
1227
1227
1227
1228
1228
1228
1228
1228
1229
1229
1229
1229
1229
1230
1230
1230
1230
1230
1231
1231
1231
1231
1231
1232
1232
1232
1232
1232
1233
1233
1233
1233
1233
1234
1234
1234
1234
1234
1235
1235
1235
1235
1235
1236
1236
1236
1236
1236
1237
1237
1237
1237
1237
1238
1238
1238
1238
1238
1239
1239
1239
1239
1239
1240
1240
1240
1240
1240
1241
1241
1241
1241
1241
1242
1242
1242
1242
1242
1243
1243
1243
1243
1243
1244
1244
1244
1244
1244
1245
1245
1245
1245
1245
1246
1246
1246
1246
1246
1247
1247
1247
1247
1247
1248
1248
1248
1248
1248
1249
1249
1249
1249
1249
1250
1250
1250
1250
1250
1251
1251
1251
1251
1251
1252
1252
1252
1252
1252
1253
1253
1253
1253
1253
1254
1254
1254
1254
1254
1255
1255
1255
1255
1255
1256
1256
1256
1256
1256
1257
1257
1257
1257
1257
1258
1258
1258
1258
1258
1259
1259
1259
1259
1259
1260
1260
1260
1260
1260
1261
1261
1261
1261
1261
1262
1262
1262
1262
1262
1263
1263
1263
1263
1263
1264
1264
1264
1264
1264
1265
1265
1265
1265
1265
1266
1266
1266
1266
1266
1267
1267
1267
1267
1267
1268
1268
1268
1268
1268
1269
1269
1269
1269
1269
1270
1270
1270
1270
1270
1271
1271
1271
1271
1271
1272
1272
1272
1272
1272
1273
1273
1273
1273
1273
1274
1274
1274
1274
1274
1275
1275
1275
1275
1275
1276
1276
1276
1276
1276
1277
1277
1277
1277
1277
1278
1278
1278
1278
1278
1279
1279
1279
1279
1279
1280
1280
1280
1280
1280
1281
1281
1281
1281
1281
1282
1282
1282
1282
1282
1283
1283
1283
1283
1283
1284
1284
1284
1284
1284
1285
1285
1285
1285
1285
1286
1286
1286
1286
1286
1287
1287
1287
1287
1287
1288
1288
1288
1288
1288
1289
1289
1289
1289
1289
1290
1290
1290
1290
1290
1291
1291
1291
1291
1291
1292
1292
1292
1292
1292
1293
1293
1293
1293
1293
1294
1294
1294
1294
1294
1295
1295
1295
1295
1295
1296
1296
1296
1296
1296
1297
1297
1297
1297
1297
1298
1298
1298
1298
1298
1299
1299
1299
1299
1299
1300
1300
1300
1300
1300
1301
1301
1301
1301
1301
1302
1302
1302
1302
1302
1303
1303
1303
1303
1303
1304
1304
1304
1304
1304
1305
1305
1305
1305
1305
1306
1306
1306
1306
1306
1307
1307
1307
1307
1307
1308
1308
1308
1308
1308
1309
1309
1309
1309
1309
1310
1310
1310
1310
1310
1311
1311
1311
1311
1311
1312
1312
1312
1312
1312
1313
1313
1313
1313
1313
1314
1314
1314
1314
1314
1315
1315
1315
1315
1315
1316
1316
1316
1316
1316
1317
1317
1317
1317
1317
1318
1318
1318
1318
1318
1319
1319
1319
1319
1319
1320
1320
1320
1320
1320
1321
1321
1321
1321
1321
1322
1322
1322
1322
1322
1323
1323
1323
1323
1323
1324
1324
1324
1324
1324
1325
1325
1325
1325
1325
1326
1326
1326
1326
1326
1327
1327
1327
1327
1327
1328
1328
1328
1328
1328
1329
1329
1329
1329
1329
1330
1330
1330
1330
1330
1331
1331
1331
1331
1331
1332
1332
1332
1332
1332
1333
1333
1333
1333
1333
1334
1334
1334
1334
1334
1335
1335
1335
1335
1335
1336
1336
1336
1336
1336
1337
1337
1337
1337
1337
1338
1338
1338
1338
1338
1339
1339
1339
1339
1339
1340
1340
1340
1340
1340
1341
1341
1341
1341
1341
1342
1342
1342
1342
1342
1343
1343
1343
1343
1343
1344
1344
1344
1344
1344
1345
1345
1345
1345
1345
1346
1346
1346
1346
1346
1347
1347
1347
1347
1347
1348
1348
1348
1348
1348
1349
1349
1349
1349
1349
1350
1350
1350
1350
1350
1351
1351
1351
1351
1351
1352
1352
1352
1352
1352
1353
1353
1353
1353
1353
1354
1354
1354
1354
1354
1355
1355
1355
1355
1355
1356
1356
1356
1356
1356
1357
1357
1357
1357
1357
1358
1358
1358
1358
1358
1359
1359
1359
1359
1359
1360
1360
1360
1360
1360
1361
1361
1361
1361
1361
1362
1362
1362
1362
1362
1363
1363
1363
1363
1363
1364
1364
1364
1364
1364
1365
1365
1365
1365
1365
1366
1366
1366
1366
1366
1367
1367
1367
1367
1367
1368
1368
1368
1368
1368
1369
1369
1369
1369
1369
1370
1370
1370
1370
1370
1371
1371
1371
1371
1371
1372
1372
1372
1372
1372
1373
1373
1373
1373
1373
1374
1374
1374
1374
1374
1375
1375
1375
1375
1375
1376
1376
1376
1376
1376
1377
1377
1377
1377
1377
1378
1378
1378
1378
1378
1379
1379
1379
1379
1379
1380
1380
1380
1380
1380
1381
1381
1381
1381
1381
1382
1382
1382
1382
1382
1383
1383
1383
1383
1383
1384
1384
1384
1384
1384
1385
1385
1385
1385
1385
1386
1386
1386
1386
1386
1387
1387
1387
1387
1387
1388
1388
1388
1388
1388
1389
1389
1389
1389
1389
1390
1390
1390
1390
1390
1391
1391
1391
1391
1391
1392
1392
1392
1392
1392
1393
1393
1393
1393
1393
1394
1394
1394
1394
1394
1395
1395
1395
1395
1395
1396
1396
1396
1396
1396
1397
1397
1397
1397
1397
1398
1398
1398
1398
1398
1399
1399
1399
1399
1399
1400
1400
1400
1400
1400
1401
1401
1401
1401
1401
1402
1402
1402
1402
1402
1403
1403
1403
1403
1403
1404
1404
1404
1404
1404
1405
1405
1405
1405
1405
1406
1406
1406
1406
1406
1407
1407
1407
1407
1407
1408
1408
1408
1408
1408
1409
1409
1409
1409
1409
1410
1410
1410
1410
1410
1411
1411
1411
1411
1411
1412
1412
1412
1412
1412
1413
1413
1413
1413
1413
1414
1414
1414
1414
1414
1415
1415
1415
1415
1415
1416
1416
1416
1416
1416
1417
1417
1417
1417
1417
1418
1418
1418
1418
1418
1419
1419
1419
1419
1419
1420
1420
1420
1420
1420
1421
1421
1421
1421
1421
1422
1422
1422
1422
1422
1423
1423
1423
1423
1423
1424
1424
1424
1424
1424
1425
1425
1425
1425
1425
1426
1426
1426
1426
1426
1427
1427
1427
1427
1427
1428
1428
1428
1428
1428
1429
1429
1429
1429
1429
1430
1430
1430
1430
1430
1431
1431
1431
1431
1431
1432
1432
1432
1432
1432
1433
1433
1433
1433
1433
1434
1434
1434
1434
1434
1435
1435
1435
1435
1435
1436
1436
1436
1436
1436
1437
1437
1437
1437
1437
1438
1438
1438
1438
1438
1439
1439
1439
1439
1439
1440
1440
1440
1440
1440
1441
1441
1441
1441
1441
1442
1442
1442
1442
1442
1443
1443
1443
1443
1443
1444
1444
1444
1444
1444
1445
1445
1445
1445
1445
1446
1446
1446
1446
1446
1447
1447
1447
1447
1447
1448
1448
1448
1448
1448
1449
1449
1449
1449
1449
1450
1450
1450
1450
1450
1451
1451
1451
1451
1451
1452
1452
1452
1452
1452
1453
1453
1453
1453
1453
1454
1454
1454
1454
1454
1455
1455
1455
1455
1455
1456
1456
1456
1456
1456
1457
1457
1457
1457
1457
1458
1458
1458
1458
1458
1459
1459
1459
1459
1459
1460
1460
1460
1460
1460
1461
1461
1461
1461
1461
1462
1462
1462
1462
1462
1463
1463
1463
1463
1463
1464
1464
1464
1464
1464
1465
1465
1465
1465
1465
1466
1466
1466
1466
1466
1467
1467
1467
1467
1467
1468
1468
1468
1468
1468
1469
1469
1469
1469
1469
1470
1470
1470
1470
1470
1471
1471
1471
1471
1471
1472
1472
1472
1472
1472
1473
1473
1473
1473
1473
1474
1474
1474
1474
1474
1475
1475
1475
1475
1475
1476
1476
1476
1476
1476
1477
1477
1477
1477
1477
1478
1478
1478
1478
1478
1479
1479
1479
1479
1479
1480
1480
1480
1480
1480
1481
1481
1481
1481
1481
1482
1482
1482
1482
1482
1483
1483
1483
1483
1483
1484
1484
1484
1484
1484
1485
1485
1485
1485
1485
1486
1486
1486
1486
1486
1487
1487
1487
1487
1487
1488
1488
1488
1488
1488
1489
1489
1489
1489
1489
1490
1490
1490
1490
1490
1491
1491
1491
1491
1491
1492
1492
1492
1492
1492
1493
1493
1493
1493
1493
1494
1494
1494
1494
1494
1495
1495
1495
1495
1495
1496
1496
1496
1496
1496
1497
1497
1497
1497
1497
1498
1498
1498
1498
1498
1499
1499
1499
1499
1499
1500
1500
1500
1500
1500
1501
1501
1501
1501
1501
1502
1502
1502
1502
1502
1503
1503
1503
1503
1503
1504
1504
1504
1504
1504
1505
1505
1505
1505
1505
1506
1506
1506
1506
1506
1507
1507
1507
1507
1507
1508
1508
1508
1508
1508
1509
1509
1509
1509
1509
1510
1510
1510
1510
1510
1511
1511
1511
1511
1511
1512
1512
1512
1512
1512
1513
1513
1513
1513
1513
1514
1514
1514
1514
1514
1515
1515
1515
1515
1515
1516
1516
1516
1516
1516
1517
1517
1517
1517
1517
1518
1518
1518
1518
1518
1519
1519
1519
1519
1519
1520
1520
1520
1520
1520
1521
1521
1521
1521
1521
1522
1522
1522
1522
1522
1523
1523
1523
1523
1523
1524
1524
1524
1524
1524
1525
1525
1525
1525
1525
1526
1526
1526
1526
1526
1527
1527
1527
1527
1527
1528
1528
1528
1528
1528
1529
1529
1529
1529
1529
1530
1530
1530
1530
1530
1531
1531
1531
1531
1531
1532
1532
1532
1532
1532
1533
1533
1533
1533
1533
1534
1534
1534
1534
1534
1535
1535
1535
1535
1535
1536
1536
1536
1536
1536
1537
1537
1537
1537
1537
1538
1538
1538
1538
1538
1539
1539
1539
1539
1539
1540
1540
1540
1540
1540
1541
1541
1541
1541
1541
1542
1542
1542
1542
1542
1543
1543
1543
1543
1543
1544
1544
1544
1544
1544
1545
1545
1545
1545
1545
1546
1546
1546
1546
1546
1547
1547
1547
1547
1547
1548
1548
1548
1548
1548
1549
1549
1549
1549
1549
1550
1550
1550
1550
1550
1551
1551
1551
1551
1551
1552
1552
1552
1552
1552
1553
1553
1553
1553
1553
1554
1554
1554
1554
1554
1555
1555
1555
1555
1555
1556
1556
1556
1556
1556
1557
1557
1557
1557
1557
1558
1558
1558
1558
1558
1559
1559
1559
1559
1559
1560
1560
1560
1560
1560
1561
1561
1561
1561
1561
1562
1562
1562
1562
1562
1563
1563
1563
1563
1563
1564
1564
1564
1564
1564
1565
1565
1565
1565
1565
1566
1566
1566
1566
1566
1567
1567
1567
1567
1567
1568
1568
1568
1568
1568
1569
1569
1569
1569
1569
1570
1570
1570
1570
1570
1571
1571
1571
1571
1571
1572
1572
1572
1572
1572
1573
1573
1573
1573
1573
1574
1574
1574
1574
1574
1575
1575
1575
1575
1575
1576
1576
1576
1576
1576
1577
1577
1577
1577
1577
1578
1578
1578
1578
1578
1579
1579
1579
1579
1579
1580
1580
1580
1580
1580
1581
1581
1581
1581
1581
1582
1582
1582
1582
1582
1583
1583
1583
1583
1583
1584
1584
1584
1584
1584
1585
1585
1585
1585
1585
1586
1586
1586
1586
1586
1587
1587
1587
1587
1587
1588
1588
1588
1588
1588
1589
1589
1589
1589
1589
1590
1590
1590
1590
1590
1591
1591
1591
1591
1591
1592
1592
1592
1592
1592
1593
1593
1593
1593
1593
1594
1594
1594
1594
1594
1595
1595
1595
1595
1595
1596
1596
1596
1596
1596
1597
1597
1597
1597
1597
1598
1598
1598
1598
1598
1599
1599
1599
1599
1599
1600
1600
1600
1600
1600
1601
1601
1601
1601
1601
1602
1602
1602
1602
1602
1603
1603
1603
1603
1603
1604
1604
1604
1604
1604
1605
1605
1605
1605
1605
1606
1606
1606
1606
1606
1607
1607
1607
1607
1607
1608
1608
1608
1608
1608
1609
1609
1609
1609
1609
1610
1610
1610
1610
1610
1611
1611
1611
1611
1611
1612
1612
1612
1612
1612
1613
1613
1613
1613
1613
1614
1614
1614
1614
1614
1615
1615
1615
1615
1615
1616
1616
1616
1616
1616
1617
1617
1617
1617
1617
1618
1618
1618
1618
1618
1619
1619
1619
1619
1619
1620
1620
1620
1620
1620
1621
1621
1621
1621
1621
1622
1622
1622
1622
1622
1623
1623
1623
1623
1623
1624
1624
1624
1624
1624
1625
1625
1625
1625
1625
1626
1626
1626
1626
1626
1627
1627
1627
1627
1627
1628
1628
1628
1628
1628
1629
1629
1629
1629
1629
1630
1630
1630
1630
1630
1631
1631
1631
1631
1631
1632
1632
1632
1632
1632
1633
1633
1633
1633
1633
1634
1634
1634
1634
1634
1635
1635
1635
1635
1635
1636
1636
1636
1636
1636
1637
1637
1637
1637
1637
1638
1638
1638
1638
1638
1639
1639
1639
1639
1639
1640
1640
1640
1640
1640
1641
1641
1641
1641
1641
1642
1642
1642
1642
1642
1643
1643
1643
1643
1643
1644
1644
1644
1644
1644
1645
1645
1645
1645
1645
1646
1646
1646
1646
1646
1647
1647
1647
1647
1647
1648
1648
1648
1648
1648
1649
1649
1649
1649
1649
1650
1650
1650
1650
1650
1651
1651
1651
1651
1651
1652
1652
1652
1652
1652
1653
1653
1653
1653
1653
1654
1654
1654
1654
1654
1655
1655
1655
1655
1655
1656
1656
1656
1656
1656
1657
1657
1657
1657
1657
1658
1658
1658
1658
1658
1659
1659
1659
1659
1659
1660
1660
1660
1660
1660
1661
1661
1661
1661
1661
1662
1662
1662
1662
1662
1663
1663
1663
1663
1663
1664
1664
1664
1664
1664
1665
1665
1665
1665
1665
1666
1666
1666
1666
1666
1667
1667
1667
1667
1667
1668
1668
1668
1668
1668
1669
1669
1669
1669
1669
1670
1670
1670
1670
1670
1671
1671
1671
1671
1671
1672
1672
1672
1672
1672
1673
1673
1673
1673
1673
1674
1674
1674
1674
1674
1675
1675
1675
1675
1675
1676
1676
1676
1676
1676
1677
1677
1677
1677
1677
1678
1678
1678
1678
1678
1679
1679
1679
1679
1679
1680
1680
1680
1680
1680
1681
1681
1681
1681
1681
1682
1682
1682
1682
1682
1683
1683
1683
1683
1683
1684
1684
1684
1684
1684
1685
1685
1685
1685
1685
1686
1686
1686
1686
1686
1687
1687
1687
1687
1687
1688
1688
1688
1688
1688
1689
1689
1689
1689
1689
1690
1690
1690
1690
1690
1691
1691
1691
1691
1691
1692
1692
1692
1692
1692
1693
1693
1693
1693
1693
1694
1694
1694
1694
1694
1695
1695
1695
1695
1695
1696
1696
1696
1696
1696
1697
1697
1697
1697
1697
1698
1698
1698
1698
1698
1699
1699
1699
1699
1699
1700
1700
1700
1700
1700
1701
1701
1701
1701
1701
1702
1702
1702
1702
1702
1703
1703
1703
1703
1703
1704
1704
1704
1704
1704
1705
1705
1705
1705
1705
1706
1706
1706
1706
1706
1707
1707
1707
1707
1707
1708
1708
1708
1708
1708
1709
1709
1709
1709
1709
1710
1710
1710
1710
1710
1711
1711
1711
1711
1711
1712
1712
1712
1712
1712
1713
1713
1713
1713
1713
1714
1714
1714
1714
1714
1715
1715
1715
1715
1715
1716
1716
1716
1716
1716
1717
1717
1717
1717
1717
1718
1718
1718
1718
1718
1719
1719
1719
1719
1719
1720
1720
1720
1720
1720
1721
1721
1721
1721
1721
1722
1722
1722
1722
1722
1723
1723
1723
1723
1723
1724
1724
1724
1724
1724
1725
1725
1725
1725
1725
1726
1726
1726
1726
1726
1727
1727
1727
1727
1727
1728
1728
1728
1728
1728
1729
1729
1729
1729
1729
1730
1730
1730
1730
1730
1731
1731
1731
1731
1731
1732
1732
1732
1732
1732
1733
1733
1733
1733
1733
1734
1734
1734
1734
1734
1735
1735
1735
1735
1735
1736
1736
1736
1736
1736
1737
1737
1737
1737
1737
1738
1738
1738
1738
1738
1739
1739
1739
1739
1739
1740
1740
1740
1740
1740
1741
1741
1741
1741
1741
1742
1742
1742
1742
1742
1743
1743
1743
1743
1743
1744
1744
1744
1744
1744
1745
1745
1745
1745
1745
1746
1746
1746
1746
1746
1747
1747
1747
1747
1747
1748
1748
1748
1748
1748
1749
1749
1749
1749
1749
1750
1750
1750
1750
1750
1751
1751
1751
1751
1751
1752
1752
1752
1752
1752
1753
1753
1753
1753
1753
1754
1754
1754
1754
1754
1755
1755
1755
1755
1755
1756
1756
1756
1756
1756
1757
1757
1757
1757
1757
1758
1758
1758
1758
1758
1759
1759
1759
1759
1759
1760
1760
1760
1760
1760
1761
1761
1761
1761
1761
1762
1762
1762
1762
1762
1763
1763
1763
1763
1763
1764
1764
1764
1764
1764
1765
1765
1765
1765
1765
1766
1766
1766
1766
1766
1767
1767
1767
1767
1767
1768
1768
1768
1768
1768
1769
1769
1769
1769
1769
1770
1770
1770
1770
1770
1771
1771
1771
1771
1771
1772
1772
1772
1772
1772
1773
1773
1773
1773
1773
1774
1774
1774
1774
1774
1775
1775
1775
1775
1775
1776
1776
1776
1776
1776
1777
1777
1777
1777
1777
1778
1778
1778
1778
1778
1779
1779
1779
1779
1779
1780
1780
1780
1780
1780
1781
1781
1781
1781
1781
1782
1782
1782
1782
1782
1783
1783
1783
1783
1783
1784
1784
1784
1784
1784
1785
1785
1785
1785
1785
1786
1786
1786
1786
1786
1787
1787
1787
1787
1787
1788
1788
1788
1788
1788
1789
1789
1789
1789
1789
1790
1790
1790
1790
1790
1791
1791
1791
1791
1791
1792
1792
1792
1792
1792
1793
1793
1793
1793
1793
1794
1794
1794
1794
1794
1795
1795
1795
1795
1795
1796
1796
1796
1796
1796
1797
1797
1797
1797
1797
1798
1798
1798
1798
1798
1799
1799
1799
1799
1799
1800
1800
1800
1800
1800
1801
1801
1801
1801
1801
1802
1802
1802
1802
1802
1803
1803
1803
1803
1803
1804
1804
1804
1804
1804
1805
1805
1805
1805
1805
1806
1806
1806
1806
1806
1807
1807
1807
1807
1807
1808
1808
1808
1808
1808
1809
1809
1809
1809
1809
1810
1810
1810
1810
1810
1811
1811
1811
1811
1811
1812
1812
1812
1812
1812
1813
1813
1813
1813
1813
1814
1814
1814
1814
1814
1815
1815
1815
1815
1815
1816
1816
1816
1816
1816
1817
1817
1817
1817
1817
1818
1818
1818
1818
1818
1819
1819
1819
1819
1819
1820
1820
1820
1820
1820
1821
1821
1821
1821
1821
1822
1822
1822
1822
1822
1823
1823
1823
1823
1823
1824
1824
1824
1824
1824
1825
1825
1825
1825
1825
1826
1826
1826
1826
1826
1827
1827
1827
1827
1827
1828
1828
1828
1828
1828
1829
1829
1829
1829
1829
1830
1830
1830
1830
1830
1831
1831
1831
1831
1831
1832
1832
1832
1832
1832
1833
1833
1833
1833
1833
1834
1834
1834
1834
1834
1835
1835
1835
1835
1835
1836
1836
1836
1836
1836
1837
1837
1837
1837
1837
1838
1838
1838
1838
1838
1839
1839
1839
1839
1839
1840
1840
1840
1840
1840
1841
1841
1841
1841
1841
1842
1842
1842
1842
1842
1843
1843
1843
1843
1843
1844
1844
1844
1844
1844
1845
1845
1845
1845
1845
1846
1846
1846
1846
1846
1847
1847
1847
1847
1847
1848
1848
1848
1848
1848
1849
1849
1849
1849
1849
1850
1850
1850
1850
1850
1851
1851
1851
1851
1851
1852
1852
1852
1852
1852
1853
1853
1853
1853
1853
1854
1854
1854
1854
1854
1855
1855
1855
1855
1855
1856
1856
1856
1856
1856
1857
1857
1857
1857
1857
1858
1858
1858
1858
1858
1859
1859
1859
1859
1859
1860
1860
1860
1860
1860
1861
1861
1861
1861
1861
1862
1862
1862
1862
1862
1863
1863
1863
1863
1863
1864
1864
1864
1864
1864
1865
1865
1865
1865
1865
1866
1866
1866
1866
1866
1867
1867
1867
1867
1867
1868
1868
1868
1868
1868
1869
1869
1869
1869
1869
1870
1870
1870
1870
1870
1871
1871
1871
1871
1871
1872
1872
1872
1872
1872
1873
1873
1873
1873
1873
1874
1874
1874
1874
1874
1875
1875
1875
1875
1875
1876
1876
1876
1876
1876
1877
1877
1877
1877
1877
1878
1878
1878
1878
1878
1879
1879
1879
1879
1879
1880
1880
1880
1880
1880
1881
1881
1881
1881
1881
1882
1882
1882
1882
1882
1883
1883
1883
1883
1883
1884
1884
1884
1884
1884
1885
1885
1885
1885
1885
1886
1886
1886
1886
1886
1887
1887
1887
1887
1887
1888
1888
1888
1888
1888
1889
1889
1889
1889
1889
1890
1890
1890
1890
1890
1891
1891
1891
1891
1891
1892
1892
1892
1892
1892
1893
1893
1893
1893
1893
1894
1894
1894
1894
1894
1895
1895
1895
1895
1895
1896
1896
1896
1896
1896
1897
1897
1897
1897
1897
1898
1898
1898
1898
1898
1899
1899
1899
1899
1899
1900
1900
1900
1900
1900
1901
1901
1901
1901
1901
1902
1902
1902
1902
1902
1903
1903
1903
1903
1903
1904
1904
1904
1904
1904
1905
1905
1905
1905
1905
1906
1906
1906
1906
1906
1907
1907
1907
1907
1907
1908
1908
1908
1908
1908
1909
1909
1909
1909
1909
1910
1910
1910
1910
1910
1911
1911
1911
1911
1911
1912
1912
1912
1912
1912
1913
1913
1913
1913
1913
1914
1914
1914
1914
1914
1915
1915
1915
1915
1915
1916
1916
1916
1916
1916
1917
1917
1917
1917
1917
1918
1918
1918
1918
1918
1919
1919
1919
1919
1919
1920
1920
1920
1920
1920
1921
1921
1921
1921
1921
1922
1922
1922
1922
1922
1923
1923
1923
1923
1923
1924
1924
1924
1924
1924
1925
1925
1925
1925
1925
1926
1926
1926
1926
1926
1927
1927
1927
1927
1927
1928
1928
1928
1928
1928
1929
1929
1929
1929
1929
1930
1930
1930
1930
1930
1931
1931
1931
1931
1931
1932
1932
1932
1932
1932
1933
1933
1933
1933
1933
1934
1934
1934
1934
1934
1935
1935
1935
1935
1935
1936
1936
1936
1936
1936
1937
1937
1937
1937
1937
1938
1938
1938
1938
1938
1939
1939
1939
1939
1939
1940
1940
1940
1940
1940
1941
1941
1941
1941
1941
1942
1942
1942
1942
1942
1943
1943
1943
1943
1943
1944
1944
1944
1944
1944
1945
1945
1945
1945
1945
1946
1946
1946
1946
1946
1947
1947
1947
1947
1947
1948
1948
1948
1948
1948
1949
1949
1949
1949
1949
1950
1950
1950
1950
1950
1951
1951
1951
1951
1951
1952
1952
1952
1952
1952
1953
1953
1953
1953
1953
1954
1954
1954
1954
1954
1955
1955
1955
1955
1955
1956
1956
1956
1956
1956
1957
1957
1957
1957
1957
1958
1958
1958
1958
1958
1959
1959
1959
1959
1959
1960
1960
1960
1960
1960
1961
1961
1961
1961
1961
1962
1962
1962
1962
1962
1963
1963
1963
1963
1963
1964
1964
1964
1964
1964
1965
1965
1965
1965
1965
1966
1966
1966
1966
1966
1967
1967
1967
1967
1967
1968
1968
1968
1968
1968
1969
1969
1969
1969
1969
1970
1970
1970
1970
1970
1971
1971
1971
1971
1971
1972
1972
1972
1972
1972
1973
1973
1973
1973
1973
1974
1974
1974
1974
1974
1975
1975
1975
1975
1975
1976
1976
1976
1976
1976
1977
1977
1977
1977
1977
1978
1978
1978
1978
1978
1979
1979
1979
1979
1979
1980
1980
1980
1980
1980
1981
1981
1981
1981
1981
1982
1982
1982
1982
1982
1983
1983
1983
1983
1983
1984
1984
1984
1984
1984
1985
1985
1985
1985
1985
1986
1986
1986
1986
1986
1987
1987
1987
1987
1987
1988
1988
1988
1988
1988
1989
1989
1989
1989
1989
1990
1990
1990
1990
1990
1991
1991
1991
1991
1991
1992
1992
1992
1992
1992
1993
1993
1993
1993
1993
1994
1994
1994
1994
1994
1995
1995
1995
1995
1995
1996
1996
1996
1996
1996
1997
1997
1997
1997
1997
1998
1998
1998
1998
1998
1999
1999
1999
