10000
1 2 3 4
0 5 6 7
0 8 9 10
0 11 12 13
0 14 15 16
1 17 18 19
1 20 21 22
1 23 24 25
2 26 27 28
2 29 30 31
2 32 33 34
3 35 36 37
3 38 39 40
3 41 42 43
4 44 45 46
4 47 48 49
4 50 51 52
5 53 54 55
5 56 57 58
5 59 60 61
6 62 63 64
6 65 66 67
6 68 69 70
7 71 72 73
7 74 75 76
7 77 78 79
8 80 81 82
8 83 84 85
8 86 87 88
9 89 90 91
9 92 93 94
9 95 96 97
10 98 99 100
10 101 102 103
10 104 105 106
11 107 108 109
11 110 111 112
11 113 114 115
12 116 117 118
12 119 120 121
12 122 123 124
13 125 126 127
13 128 129 130
13 131 132 133
14 134 135 136
14 137 138 139
14 140 141 142
15 143 144 145
15 146 147 148
15 149 150 151
16 152 153 154
16 155 156 157
16 158 159 160
17 161 162 163
17 164 165 166
17 167 168 169
18 170 171 172
18 173 174 175
18 176 177 178
19 179 180 181
19 182 183 184
19 185 186 187
20 188 189 190
20 191 192 193
20 194 195 196
21 197 198 199
21 200 201 202
21 203 204 205
22 206 207 208
22 209 210 211
22 212 213 214
23 215 216 217
23 218 219 220
23 221 222 223
24 224 225 226
24 227 228 229
24 230 231 232
25 233 234 235
25 236 237 238
25 239 240 241
26 242 243 244
26 245 246 247
26 248 249 250
27 251 252 253
27 254 255 256
27 257 258 259
28 260 261 262
28 263 264 265
28 266 267 268
29 269 270 271
29 272 273 274
29 275 276 277
30 278 279 280
30 281 282 283
30 284 285 286
31 287 288 289
31 290 291 292
31 293 294 295
32 296 297 298
32 299 300 301
32 302 303 304
33 305 306 307
33 308 309 310
33 311 312 313
34 314 315 316
34 317 318 319
34 320 321 322
35 323 324 325
35 326 327 328
35 329 330 331
36 332 333 334
36 335 336 337
36 338 339 340
37 341 342 343
37 344 345 346
37 347 348 349
38 350 351 352
38 353 354 355
38 356 357 358
39 359 360 361
39 362 363 364
39 365 366 367
40 368 369 370
40 371 372 373
40 374 375 376
41 377 378 379
41 380 381 382
41 383 384 385
42 386 387 388
42 389 390 391
42 392 393 394
43 395 396 397
43 398 399 400
43 401 402 403
44 404 405 406
44 407 408 409
44 410 411 412
45 413 414 415
45 416 417 418
45 419 420 421
46 422 423 424
46 425 426 427
46 428 429 430
47 431 432 433
47 434 435 436
47 437 438 439
48 440 441 442
48 443 444 445
48 446 447 448
49 449 450 451
49 452 453 454
49 455 456 457
50 458 459 460
50 461 462 463
50 464 465 466
51 467 468 469
51 470 471 472
51 473 474 475
52 476 477 478
52 479 480 481
52 482 483 484
53 485 486 487
53 488 489 490
53 491 492 493
54 494 495 496
54 497 498 499
54 500 501 502
55 503 504 505
55 506 507 508
55 509 510 511
56 512 513 514
56 515 516 517
56 518 519 520
57 521 522 523
57 524 525 526
57 527 528 529
58 530 531 532
58 533 534 535
58 536 537 538
59 539 540 541
59 542 543 544
59 545 546 547
60 548 549 550
60 551 552 553
60 554 555 556
61 557 558 559
61 560 561 562
61 563 564 565
62 566 567 568
62 569 570 571
62 572 573 574
63 575 576 577
63 578 579 580
63 581 582 583
64 584 585 586
64 587 588 589
64 590 591 592
65 593 594 595
65 596 597 598
65 599 600 601
66 602 603 604
66 605 606 607
66 608 609 610
67 611 612 613
67 614 615 616
67 617 618 619
68 620 621 622
68 623 624 625
68 626 627 628
69 629 630 631
69 632 633 634
69 635 636 637
70 638 639 640
70 641 642 643
70 644 645 646
71 647 648 649
71 650 651 652
71 653 654 655
72 656 657 658
72 659 660 661
72 662 663 664
73 665 666 667
73 668 669 670
73 671 672 673
74 674 675 676
74 677 678 679
74 680 681 682
75 683 684 685
75 686 687 688
75 689 690 691
76 692 693 694
76 695 696 697
76 698 699 700
77 701 702 703
77 704 705 706
77 707 708 709
78 710 711 712
78 713 714 715
78 716 717 718
79 719 720 721
79 722 723 724
79 725 726 727
80 728 729 730
80 731 732 733
80 734 735 736
81 737 738 739
81 740 741 742
81 743 744 745
82 746 747 748
82 749 750 751
82 752 753 754
83 755 756 757
83 758 759 760
83 761 762 763
84 764 765 766
84 767 768 769
84 770 771 772
85 773 774 775
85 776 777 778
85 779 780 781
86 782 783 784
86 785 786 787
86 788 789 790
87 791 792 793
87 794 795 796
87 797 798 799
88 800 801 802
88 803 804 805
88 806 807 808
89 809 810 811
89 812 813 814
89 815 816 817
90 818 819 820
90 821 822 823
90 824 825 826
91 827 828 829
91 830 831 832
91 833 834 835
92 836 837 838
92 839 840 841
92 842 843 844
93 845 846 847
93 848 849 850
93 851 852 853
94 854 855 856
94 857 858 859
94 860 861 862
95 863 864 865
95 866 867 868
95 869 870 871
96 872 873 874
96 875 876 877
96 878 879 880
97 881 882 883
97 884 885 886
97 887 888 889
98 890 891 892
98 893 894 895
98 896 897 898
99 899 900 901
99 902 903 904
99 905 906 907
100 908 909 910
100 911 912 913
100 914 915 916
101 917 918 919
101 920 921 922
101 923 924 925
102 926 927 928
102 929 930 931
102 932 933 934
103 935 936 937
103 938 939 940
103 941 942 943
104 944 945 946
104 947 948 949
104 950 951 952
105 953 954 955
105 956 957 958
105 959 960 961
106 962 963 964
106 965 966 967
106 968 969 970
107 971 972 973
107 974 975 976
107 977 978 979
108 980 981 982
108 983 984 985
108 986 987 988
109 989 990 991
109 992 993 994
109 995 996 997
110 998 999 1000
110 1001 1002 1003
110 1004 1005 1006
111 1007 1008 1009
111 1010 1011 1012
111 1013 1014 1015
112 1016 1017 1018
112 1019 1020 1021
112 1022 1023 1024
113 1025 1026 1027
113 1028 1029 1030
113 1031 1032 1033
114 1034 1035 1036
114 1037 1038 1039
114 1040 1041 1042
115 1043 1044 1045
115 1046 1047 1048
115 1049 1050 1051
116 1052 1053 1054
116 1055 1056 1057
116 1058 1059 1060
117 1061 1062 1063
117 1064 1065 1066
117 1067 1068 1069
118 1070 1071 1072
118 1073 1074 1075
118 1076 1077 1078
119 1079 1080 1081
119 1082 1083 1084
119 1085 1086 1087
120 1088 1089 1090
120 1091 1092 1093
120 1094 1095 1096
121 1097 1098 1099
121 1100 1101 1102
121 1103 1104 1105
122 1106 1107 1108
122 1109 1110 1111
122 1112 1113 1114
123 1115 1116 1117
123 1118 1119 1120
123 1121 1122 1123
124 1124 1125 1126
124 1127 1128 1129
124 1130 1131 1132
125 1133 1134 1135
125 1136 1137 1138
125 1139 1140 1141
126 1142 1143 1144
126 1145 1146 1147
126 1148 1149 1150
127 1151 1152 1153
127 1154 1155 1156
127 1157 1158 1159
128 1160 1161 1162
128 1163 1164 1165
128 1166 1167 1168
129 1169 1170 1171
129 1172 1173 1174
129 1175 1176 1177
130 1178 1179 1180
130 1181 1182 1183
130 1184 1185 1186
131 1187 1188 1189
131 1190 1191 1192
131 1193 1194 1195
132 1196 1197 1198
132 1199 1200 1201
132 1202 1203 1204
133 1205 1206 1207
133 1208 1209 1210
133 1211 1212 1213
134 1214 1215 1216
134 1217 1218 1219
134 1220 1221 1222
135 1223 1224 1225
135 1226 1227 1228
135 1229 1230 1231
136 1232 1233 1234
136 1235 1236 1237
136 1238 1239 1240
137 1241 1242 1243
137 1244 1245 1246
137 1247 1248 1249
138 1250 1251 1252
138 1253 1254 1255
138 1256 1257 1258
139 1259 1260 1261
139 1262 1263 1264
139 1265 1266 1267
140 1268 1269 1270
140 1271 1272 1273
140 1274 1275 1276
141 1277 1278 1279
141 1280 1281 1282
141 1283 1284 1285
142 1286 1287 1288
142 1289 1290 1291
142 1292 1293 1294
143 1295 1296 1297
143 1298 1299 1300
143 1301 1302 1303
144 1304 1305 1306
144 1307 1308 1309
144 1310 1311 1312
145 1313 1314 1315
145 1316 1317 1318
145 1319 1320 1321
146 1322 1323 1324
146 1325 1326 1327
146 1328 1329 1330
147 1331 1332 1333
147 1334 1335 1336
147 1337 1338 1339
148 1340 1341 1342
148 1343 1344 1345
148 1346 1347 1348
149 1349 1350 1351
149 1352 1353 1354
149 1355 1356 1357
150 1358 1359 1360
150 1361 1362 1363
150 1364 1365 1366
151 1367 1368 1369
151 1370 1371 1372
151 1373 1374 1375
152 1376 1377 1378
152 1379 1380 1381
152 1382 1383 1384
153 1385 1386 1387
153 1388 1389 1390
153 1391 1392 1393
154 1394 1395 1396
154 1397 1398 1399
154 1400 1401 1402
155 1403 1404 1405
155 1406 1407 1408
155 1409 1410 1411
156 1412 1413 1414
156 1415 1416 1417
156 1418 1419 1420
157 1421 1422 1423
157 1424 1425 1426
157 1427 1428 1429
158 1430 1431 1432
158 1433 1434 1435
158 1436 1437 1438
159 1439 1440 1441
159 1442 1443 1444
159 1445 1446 1447
160 1448 1449 1450
160 1451 1452 1453
160 1454 1455 1456
161 1457 1458 1459
161 1460 1461 1462
161 1463 1464 1465
162 1466 1467 1468
162 1469 1470 1471
162 1472 1473 1474
163 1475 1476 1477
163 1478 1479 1480
163 1481 1482 1483
164 1484 1485 1486
164 1487 1488 1489
164 1490 1491 1492
165 1493 1494 1495
165 1496 1497 1498
165 1499 1500 1501
166 1502 1503 1504
166 1505 1506 1507
166 1508 1509 1510
167 1511 1512 1513
167 1514 1515 1516
167 1517 1518 1519
168 1520 1521 1522
168 1523 1524 1525
168 1526 1527 1528
169 1529 1530 1531
169 1532 1533 1534
169 1535 1536 1537
170 1538 1539 1540
170 1541 1542 1543
170 1544 1545 1546
171 1547 1548 1549
171 1550 1551 1552
171 1553 1554 1555
172 1556 1557 1558
172 1559 1560 1561
172 1562 1563 1564
173 1565 1566 1567
173 1568 1569 1570
173 1571 1572 1573
174 1574 1575 1576
174 1577 1578 1579
174 1580 1581 1582
175 1583 1584 1585
175 1586 1587 1588
175 1589 1590 1591
176 1592 1593 1594
176 1595 1596 1597
176 1598 1599 1600
177 1601 1602 1603
177 1604 1605 1606
177 1607 1608 1609
178 1610 1611 1612
178 1613 1614 1615
178 1616 1617 1618
179 1619 1620 1621
179 1622 1623 1624
179 1625 1626 1627
180 1628 1629 1630
180 1631 1632 1633
180 1634 1635 1636
181 1637 1638 1639
181 1640 1641 1642
181 1643 1644 1645
182 1646 1647 1648
182 1649 1650 1651
182 1652 1653 1654
183 1655 1656 1657
183 1658 1659 1660
183 1661 1662 1663
184 1664 1665 1666
184 1667 1668 1669
184 1670 1671 1672
185 1673 1674 1675
185 1676 1677 1678
185 1679 1680 1681
186 1682 1683 1684
186 1685 1686 1687
186 1688 1689 1690
187 1691 1692 1693
187 1694 1695 1696
187 1697 1698 1699
188 1700 1701 1702
188 1703 1704 1705
188 1706 1707 1708
189 1709 1710 1711
189 1712 1713 1714
189 1715 1716 1717
190 1718 1719 1720
190 1721 1722 1723
190 1724 1725 1726
191 1727 1728 1729
191 1730 1731 1732
191 1733 1734 1735
192 1736 1737 1738
192 1739 1740 1741
192 1742 1743 1744
193 1745 1746 1747
193 1748 1749 1750
193 1751 1752 1753
194 1754 1755 1756
194 1757 1758 1759
194 1760 1761 1762
195 1763 1764 1765
195 1766 1767 1768
195 1769 1770 1771
196 1772 1773 1774
196 1775 1776 1777
196 1778 1779 1780
197 1781 1782 1783
197 1784 1785 1786
197 1787 1788 1789
198 1790 1791 1792
198 1793 1794 1795
198 1796 1797 1798
199 1799 1800 1801
199 1802 1803 1804
199 1805 1806 1807
200 1808 1809 1810
200 1811 1812 1813
200 1814 1815 1816
201 1817 1818 1819
201 1820 1821 1822
201 1823 1824 1825
202 1826 1827 1828
202 1829 1830 1831
202 1832 1833 1834
203 1835 1836 1837
203 1838 1839 1840
203 1841 1842 1843
204 1844 1845 1846
204 1847 1848 1849
204 1850 1851 1852
205 1853 1854 1855
205 1856 1857 1858
205 1859 1860 1861
206 1862 1863 1864
206 1865 1866 1867
206 1868 1869 1870
207 1871 1872 1873
207 1874 1875 1876
207 1877 1878 1879
208 1880 1881 1882
208 1883 1884 1885
208 1886 1887 1888
209 1889 1890 1891
209 1892 1893 1894
209 1895 1896 1897
210 1898 1899 1900
210 1901 1902 1903
210 1904 1905 1906
211 1907 1908 1909
211 1910 1911 1912
211 1913 1914 1915
212 1916 1917 1918
212 1919 1920 1921
212 1922 1923 1924
213 1925 1926 1927
213 1928 1929 1930
213 1931 1932 1933
214 1934 1935 1936
214 1937 1938 1939
214 1940 1941 1942
215 1943 1944 1945
215 1946 1947 1948
215 1949 1950 1951
216 1952 1953 1954
216 1955 1956 1957
216 1958 1959 1960
217 1961 1962 1963
217 1964 1965 1966
217 1967 1968 1969
218 1970 1971 1972
218 1973 1974 1975
218 1976 1977 1978
219 1979 1980 1981
219 1982 1983 1984
219 1985 1986 1987
220 1988 1989 1990
220 1991 1992 1993
220 1994 1995 1996
221 1997 1998 1999
221 2000 2001 2002
221 2003 2004 2005
222 2006 2007 2008
222 2009 2010 2011
222 2012 2013 2014
223 2015 2016 2017
223 2018 2019 2020
223 2021 2022 2023
224 2024 2025 2026
224 2027 2028 2029
224 2030 2031 2032
225 2033 2034 2035
225 2036 2037 2038
225 2039 2040 2041
226 2042 2043 2044
226 2045 2046 2047
226 2048 2049 2050
227 2051 2052 2053
227 2054 2055 2056
227 2057 2058 2059
228 2060 2061 2062
228 2063 2064 2065
228 2066 2067 2068
229 2069 2070 2071
229 2072 2073 2074
229 2075 2076 2077
230 2078 2079 2080
230 2081 2082 2083
230 2084 2085 2086
231 2087 2088 2089
231 2090 2091 2092
231 2093 2094 2095
232 2096 2097 2098
232 2099 2100 2101
232 2102 2103 2104
233 2105 2106 2107
233 2108 2109 2110
233 2111 2112 2113
234 2114 2115 2116
234 2117 2118 2119
234 2120 2121 2122
235 2123 2124 2125
235 2126 2127 2128
235 2129 2130 2131
236 2132 2133 2134
236 2135 2136 2137
236 2138 2139 2140
237 2141 2142 2143
237 2144 2145 2146
237 2147 2148 2149
238 2150 2151 2152
238 2153 2154 2155
238 2156 2157 2158
239 2159 2160 2161
239 2162 2163 2164
239 2165 2166 2167
240 2168 2169 2170
240 2171 2172 2173
240 2174 2175 2176
241 2177 2178 2179
241 2180 2181 2182
241 2183 2184 2185
242 2186 2187 2188
242 2189 2190 2191
242 2192 2193 2194
243 2195 2196 2197
243 2198 2199 2200
243 2201 2202 2203
244 2204 2205 2206
244 2207 2208 2209
244 2210 2211 2212
245 2213 2214 2215
245 2216 2217 2218
245 2219 2220 2221
246 2222 2223 2224
246 2225 2226 2227
246 2228 2229 2230
247 2231 2232 2233
247 2234 2235 2236
247 2237 2238 2239
248 2240 2241 2242
248 2243 2244 2245
248 2246 2247 2248
249 2249 2250 2251
249 2252 2253 2254
249 2255 2256 2257
250 2258 2259 2260
250 2261 2262 2263
250 2264 2265 2266
251 2267 2268 2269
251 2270 2271 2272
251 2273 2274 2275
252 2276 2277 2278
252 2279 2280 2281
252 2282 2283 2284
253 2285 2286 2287
253 2288 2289 2290
253 2291 2292 2293
254 2294 2295 2296
254 2297 2298 2299
254 2300 2301 2302
255 2303 2304 2305
255 2306 2307 2308
255 2309 2310 2311
256 2312 2313 2314
256 2315 2316 2317
256 2318 2319 2320
257 2321 2322 2323
257 2324 2325 2326
257 2327 2328 2329
258 2330 2331 2332
258 2333 2334 2335
258 2336 2337 2338
259 2339 2340 2341
259 2342 2343 2344
259 2345 2346 2347
260 2348 2349 2350
260 2351 2352 2353
260 2354 2355 2356
261 2357 2358 2359
261 2360 2361 2362
261 2363 2364 2365
262 2366 2367 2368
262 2369 2370 2371
262 2372 2373 2374
263 2375 2376 2377
263 2378 2379 2380
263 2381 2382 2383
264 2384 2385 2386
264 2387 2388 2389
264 2390 2391 2392
265 2393 2394 2395
265 2396 2397 2398
265 2399 2400 2401
266 2402 2403 2404
266 2405 2406 2407
266 2408 2409 2410
267 2411 2412 2413
267 2414 2415 2416
267 2417 2418 2419
268 2420 2421 2422
268 2423 2424 2425
268 2426 2427 2428
269 2429 2430 2431
269 2432 2433 2434
269 2435 2436 2437
270 2438 2439 2440
270 2441 2442 2443
270 2444 2445 2446
271 2447 2448 2449
271 2450 2451 2452
271 2453 2454 2455
272 2456 2457 2458
272 2459 2460 2461
272 2462 2463 2464
273 2465 2466 2467
273 2468 2469 2470
273 2471 2472 2473
274 2474 2475 2476
274 2477 2478 2479
274 2480 2481 2482
275 2483 2484 2485
275 2486 2487 2488
275 2489 2490 2491
276 2492 2493 2494
276 2495 2496 2497
276 2498 2499 2500
277 2501 2502 2503
277 2504 2505 2506
277 2507 2508 2509
278 2510 2511 2512
278 2513 2514 2515
278 2516 2517 2518
279 2519 2520 2521
279 2522 2523 2524
279 2525 2526 2527
280 2528 2529 2530
280 2531 2532 2533
280 2534 2535 2536
281 2537 2538 2539
281 2540 2541 2542
281 2543 2544 2545
282 2546 2547 2548
282 2549 2550 2551
282 2552 2553 2554
283 2555 2556 2557
283 2558 2559 2560
283 2561 2562 2563
284 2564 2565 2566
284 2567 2568 2569
284 2570 2571 2572
285 2573 2574 2575
285 2576 2577 2578
285 2579 2580 2581
286 2582 2583 2584
286 2585 2586 2587
286 2588 2589 2590
287 2591 2592 2593
287 2594 2595 2596
287 2597 2598 2599
288 2600 2601 2602
288 2603 2604 2605
288 2606 2607 2608
289 2609 2610 2611
289 2612 2613 2614
289 2615 2616 2617
290 2618 2619 2620
290 2621 2622 2623
290 2624 2625 2626
291 2627 2628 2629
291 2630 2631 2632
291 2633 2634 2635
292 2636 2637 2638
292 2639 2640 2641
292 2642 2643 2644
293 2645 2646 2647
293 2648 2649 2650
293 2651 2652 2653
294 2654 2655 2656
294 2657 2658 2659
294 2660 2661 2662
295 2663 2664 2665
295 2666 2667 2668
295 2669 2670 2671
296 2672 2673 2674
296 2675 2676 2677
296 2678 2679 2680
297 2681 2682 2683
297 2684 2685 2686
297 2687 2688 2689
298 2690 2691 2692
298 2693 2694 2695
298 2696 2697 2698
299 2699 2700 2701
299 2702 2703 2704
299 2705 2706 2707
300 2708 2709 2710
300 2711 2712 2713
300 2714 2715 2716
301 2717 2718 2719
301 2720 2721 2722
301 2723 2724 2725
302 2726 2727 2728
302 2729 2730 2731
302 2732 2733 2734
303 2735 2736 2737
303 2738 2739 2740
303 2741 2742 2743
304 2744 2745 2746
304 2747 2748 2749
304 2750 2751 2752
305 2753 2754 2755
305 2756 2757 2758
305 2759 2760 2761
306 2762 2763 2764
306 2765 2766 2767
306 2768 2769 2770
307 2771 2772 2773
307 2774 2775 2776
307 2777 2778 2779
308 2780 2781 2782
308 2783 2784 2785
308 2786 2787 2788
309 2789 2790 2791
309 2792 2793 2794
309 2795 2796 2797
310 2798 2799 2800
310 2801 2802 2803
310 2804 2805 2806
311 2807 2808 2809
311 2810 2811 2812
311 2813 2814 2815
312 2816 2817 2818
312 2819 2820 2821
312 2822 2823 2824
313 2825 2826 2827
313 2828 2829 2830
313 2831 2832 2833
314 2834 2835 2836
314 2837 2838 2839
314 2840 2841 2842
315 2843 2844 2845
315 2846 2847 2848
315 2849 2850 2851
316 2852 2853 2854
316 2855 2856 2857
316 2858 2859 2860
317 2861 2862 2863
317 2864 2865 2866
317 2867 2868 2869
318 2870 2871 2872
318 2873 2874 2875
318 2876 2877 2878
319 2879 2880 2881
319 2882 2883 2884
319 2885 2886 2887
320 2888 2889 2890
320 2891 2892 2893
320 2894 2895 2896
321 2897 2898 2899
321 2900 2901 2902
321 2903 2904 2905
322 2906 2907 2908
322 2909 2910 2911
322 2912 2913 2914
323 2915 2916 2917
323 2918 2919 2920
323 2921 2922 2923
324 2924 2925 2926
324 2927 2928 2929
324 2930 2931 2932
325 2933 2934 2935
325 2936 2937 2938
325 2939 2940 2941
326 2942 2943 2944
326 2945 2946 2947
326 2948 2949 2950
327 2951 2952 2953
327 2954 2955 2956
327 2957 2958 2959
328 2960 2961 2962
328 2963 2964 2965
328 2966 2967 2968
329 2969 2970 2971
329 2972 2973 2974
329 2975 2976 2977
330 2978 2979 2980
330 2981 2982 2983
330 2984 2985 2986
331 2987 2988 2989
331 2990 2991 2992
331 2993 2994 2995
332 2996 2997 2998
332 2999 3000 3001
332 3002 3003 3004
333 3005 3006 3007
333 3008 3009 3010
333 3011 3012 3013
334 3014 3015 3016
334 3017 3018 3019
334 3020 3021 3022
335 3023 3024 3025
335 3026 3027 3028
335 3029 3030 3031
336 3032 3033 3034
336 3035 3036 3037
336 3038 3039 3040
337 3041 3042 3043
337 3044 3045 3046
337 3047 3048 3049
338 3050 3051 3052
338 3053 3054 3055
338 3056 3057 3058
339 3059 3060 3061
339 3062 3063 3064
339 3065 3066 3067
340 3068 3069 3070
340 3071 3072 3073
340 3074 3075 3076
341 3077 3078 3079
341 3080 3081 3082
341 3083 3084 3085
342 3086 3087 3088
342 3089 3090 3091
342 3092 3093 3094
343 3095 3096 3097
343 3098 3099 3100
343 3101 3102 3103
344 3104 3105 3106
344 3107 3108 3109
344 3110 3111 3112
345 3113 3114 3115
345 3116 3117 3118
345 3119 3120 3121
346 3122 3123 3124
346 3125 3126 3127
346 3128 3129 3130
347 3131 3132 3133
347 3134 3135 3136
347 3137 3138 3139
348 3140 3141 3142
348 3143 3144 3145
348 3146 3147 3148
349 3149 3150 3151
349 3152 3153 3154
349 3155 3156 3157
350 3158 3159 3160
350 3161 3162 3163
350 3164 3165 3166
351 3167 3168 3169
351 3170 3171 3172
351 3173 3174 3175
352 3176 3177 3178
352 3179 3180 3181
352 3182 3183 3184
353 3185 3186 3187
353 3188 3189 3190
353 3191 3192 3193
354 3194 3195 3196
354 3197 3198 3199
354 3200 3201 3202
355 3203 3204 3205
355 3206 3207 3208
355 3209 3210 3211
356 3212 3213 3214
356 3215 3216 3217
356 3218 3219 3220
357 3221 3222 3223
357 3224 3225 3226
357 3227 3228 3229
358 3230 3231 3232
358 3233 3234 3235
358 3236 3237 3238
359 3239 3240 3241
359 3242 3243 3244
359 3245 3246 3247
360 3248 3249 3250
360 3251 3252 3253
360 3254 3255 3256
361 3257 3258 3259
361 3260 3261 3262
361 3263 3264 3265
362 3266 3267 3268
362 3269 3270 3271
362 3272 3273 3274
363 3275 3276 3277
363 3278 3279 3280
363 3281 3282 3283
364 3284 3285 3286
364 3287 3288 3289
364 3290 3291 3292
365 3293 3294 3295
365 3296 3297 3298
365 3299 3300 3301
366 3302 3303 3304
366 3305 3306 3307
366 3308 3309 3310
367 3311 3312 3313
367 3314 3315 3316
367 3317 3318 3319
368 3320 3321 3322
368 3323 3324 3325
368 3326 3327 3328
369 3329 3330 3331
369 3332 3333 3334
369 3335 3336 3337
370 3338 3339 3340
370 3341 3342 3343
370 3344 3345 3346
371 3347 3348 3349
371 3350 3351 3352
371 3353 3354 3355
372 3356 3357 3358
372 3359 3360 3361
372 3362 3363 3364
373 3365 3366 3367
373 3368 3369 3370
373 3371 3372 3373
374 3374 3375 3376
374 3377 3378 3379
374 3380 3381 3382
375 3383 3384 3385
375 3386 3387 3388
375 3389 3390 3391
376 3392 3393 3394
376 3395 3396 3397
376 3398 3399 3400
377 3401 3402 3403
377 3404 3405 3406
377 3407 3408 3409
378 3410 3411 3412
378 3413 3414 3415
378 3416 3417 3418
379 3419 3420 3421
379 3422 3423 3424
379 3425 3426 3427
380 3428 3429 3430
380 3431 3432 3433
380 3434 3435 3436
381 3437 3438 3439
381 3440 3441 3442
381 3443 3444 3445
382 3446 3447 3448
382 3449 3450 3451
382 3452 3453 3454
383 3455 3456 3457
383 3458 3459 3460
383 3461 3462 3463
384 3464 3465 3466
384 3467 3468 3469
384 3470 3471 3472
385 3473 3474 3475
385 3476 3477 3478
385 3479 3480 3481
386 3482 3483 3484
386 3485 3486 3487
386 3488 3489 3490
387 3491 3492 3493
387 3494 3495 3496
387 3497 3498 3499
388 3500 3501 3502
388 3503 3504 3505
388 3506 3507 3508
389 3509 3510 3511
389 3512 3513 3514
389 3515 3516 3517
390 3518 3519 3520
390 3521 3522 3523
390 3524 3525 3526
391 3527 3528 3529
391 3530 3531 3532
391 3533 3534 3535
392 3536 3537 3538
392 3539 3540 3541
392 3542 3543 3544
393 3545 3546 3547
393 3548 3549 3550
393 3551 3552 3553
394 3554 3555 3556
394 3557 3558 3559
394 3560 3561 3562
395 3563 3564 3565
395 3566 3567 3568
395 3569 3570 3571
396 3572 3573 3574
396 3575 3576 3577
396 3578 3579 3580
397 3581 3582 3583
397 3584 3585 3586
397 3587 3588 3589
398 3590 3591 3592
398 3593 3594 3595
398 3596 3597 3598
399 3599 3600 3601
399 3602 3603 3604
399 3605 3606 3607
400 3608 3609 3610
400 3611 3612 3613
400 3614 3615 3616
401 3617 3618 3619
401 3620 3621 3622
401 3623 3624 3625
402 3626 3627 3628
402 3629 3630 3631
402 3632 3633 3634
403 3635 3636 3637
403 3638 3639 3640
403 3641 3642 3643
404 3644 3645 3646
404 3647 3648 3649
404 3650 3651 3652
405 3653 3654 3655
405 3656 3657 3658
405 3659 3660 3661
406 3662 3663 3664
406 3665 3666 3667
406 3668 3669 3670
407 3671 3672 3673
407 3674 3675 3676
407 3677 3678 3679
408 3680 3681 3682
408 3683 3684 3685
408 3686 3687 3688
409 3689 3690 3691
409 3692 3693 3694
409 3695 3696 3697
410 3698 3699 3700
410 3701 3702 3703
410 3704 3705 3706
411 3707 3708 3709
411 3710 3711 3712
411 3713 3714 3715
412 3716 3717 3718
412 3719 3720 3721
412 3722 3723 3724
413 3725 3726 3727
413 3728 3729 3730
413 3731 3732 3733
414 3734 3735 3736
414 3737 3738 3739
414 3740 3741 3742
415 3743 3744 3745
415 3746 3747 3748
415 3749 3750 3751
416 3752 3753 3754
416 3755 3756 3757
416 3758 3759 3760
417 3761 3762 3763
417 3764 3765 3766
417 3767 3768 3769
418 3770 3771 3772
418 3773 3774 3775
418 3776 3777 3778
419 3779 3780 3781
419 3782 3783 3784
419 3785 3786 3787
420 3788 3789 3790
420 3791 3792 3793
420 3794 3795 3796
421 3797 3798 3799
421 3800 3801 3802
421 3803 3804 3805
422 3806 3807 3808
422 3809 3810 3811
422 3812 3813 3814
423 3815 3816 3817
423 3818 3819 3820
423 3821 3822 3823
424 3824 3825 3826
424 3827 3828 3829
424 3830 3831 3832
425 3833 3834 3835
425 3836 3837 3838
425 3839 3840 3841
426 3842 3843 3844
426 3845 3846 3847
426 3848 3849 3850
427 3851 3852 3853
427 3854 3855 3856
427 3857 3858 3859
428 3860 3861 3862
428 3863 3864 3865
428 3866 3867 3868
429 3869 3870 3871
429 3872 3873 3874
429 3875 3876 3877
430 3878 3879 3880
430 3881 3882 3883
430 3884 3885 3886
431 3887 3888 3889
431 3890 3891 3892
431 3893 3894 3895
432 3896 3897 3898
432 3899 3900 3901
432 3902 3903 3904
433 3905 3906 3907
433 3908 3909 3910
433 3911 3912 3913
434 3914 3915 3916
434 3917 3918 3919
434 3920 3921 3922
435 3923 3924 3925
435 3926 3927 3928
435 3929 3930 3931
436 3932 3933 3934
436 3935 3936 3937
436 3938 3939 3940
437 3941 3942 3943
437 3944 3945 3946
437 3947 3948 3949
438 3950 3951 3952
438 3953 3954 3955
438 3956 3957 3958
439 3959 3960 3961
439 3962 3963 3964
439 3965 3966 3967
440 3968 3969 3970
440 3971 3972 3973
440 3974 3975 3976
441 3977 3978 3979
441 3980 3981 3982
441 3983 3984 3985
442 3986 3987 3988
442 3989 3990 3991
442 3992 3993 3994
443 3995 3996 3997
443 3998 3999 4000
443 4001 4002 4003
444 4004 4005 4006
444 4007 4008 4009
444 4010 4011 4012
445 4013 4014 4015
445 4016 4017 4018
445 4019 4020 4021
446 4022 4023 4024
446 4025 4026 4027
446 4028 4029 4030
447 4031 4032 4033
447 4034 4035 4036
447 4037 4038 4039
448 4040 4041 4042
448 4043 4044 4045
448 4046 4047 4048
449 4049 4050 4051
449 4052 4053 4054
449 4055 4056 4057
450 4058 4059 4060
450 4061 4062 4063
450 4064 4065 4066
451 4067 4068 4069
451 4070 4071 4072
451 4073 4074 4075
452 4076 4077 4078
452 4079 4080 4081
452 4082 4083 4084
453 4085 4086 4087
453 4088 4089 4090
453 4091 4092 4093
454 4094 4095 4096
454 4097 4098 4099
454 4100 4101 4102
455 4103 4104 4105
455 4106 4107 4108
455 4109 4110 4111
456 4112 4113 4114
456 4115 4116 4117
456 4118 4119 4120
457 4121 4122 4123
457 4124 4125 4126
457 4127 4128 4129
458 4130 4131 4132
458 4133 4134 4135
458 4136 4137 4138
459 4139 4140 4141
459 4142 4143 4144
459 4145 4146 4147
460 4148 4149 4150
460 4151 4152 4153
460 4154 4155 4156
461 4157 4158 4159
461 4160 4161 4162
461 4163 4164 4165
462 4166 4167 4168
462 4169 4170 4171
462 4172 4173 4174
463 4175 4176 4177
463 4178 4179 4180
463 4181 4182 4183
464 4184 4185 4186
464 4187 4188 4189
464 4190 4191 4192
465 4193 4194 4195
465 4196 4197 4198
465 4199 4200 4201
466 4202 4203 4204
466 4205 4206 4207
466 4208 4209 4210
467 4211 4212 4213
467 4214 4215 4216
467 4217 4218 4219
468 4220 4221 4222
468 4223 4224 4225
468 4226 4227 4228
469 4229 4230 4231
469 4232 4233 4234
469 4235 4236 4237
470 4238 4239 4240
470 4241 4242 4243
470 4244 4245 4246
471 4247 4248 4249
471 4250 4251 4252
471 4253 4254 4255
472 4256 4257 4258
472 4259 4260 4261
472 4262 4263 4264
473 4265 4266 4267
473 4268 4269 4270
473 4271 4272 4273
474 4274 4275 4276
474 4277 4278 4279
474 4280 4281 4282
475 4283 4284 4285
475 4286 4287 4288
475 4289 4290 4291
476 4292 4293 4294
476 4295 4296 4297
476 4298 4299 4300
477 4301 4302 4303
477 4304 4305 4306
477 4307 4308 4309
478 4310 4311 4312
478 4313 4314 4315
478 4316 4317 4318
479 4319 4320 4321
479 4322 4323 4324
479 4325 4326 4327
480 4328 4329 4330
480 4331 4332 4333
480 4334 4335 4336
481 4337 4338 4339
481 4340 4341 4342
481 4343 4344 4345
482 4346 4347 4348
482 4349 4350 4351
482 4352 4353 4354
483 4355 4356 4357
483 4358 4359 4360
483 4361 4362 4363
484 4364 4365 4366
484 4367 4368 4369
484 4370 4371 4372
485 4373 4374 4375
485 4376 4377 4378
485 4379 4380 4381
486 4382 4383 4384
486 4385 4386 4387
486 4388 4389 4390
487 4391 4392 4393
487 4394 4395 4396
487 4397 4398 4399
488 4400 4401 4402
488 4403 4404 4405
488 4406 4407 4408
489 4409 4410 4411
489 4412 4413 4414
489 4415 4416 4417
490 4418 4419 4420
490 4421 4422 4423
490 4424 4425 4426
491 4427 4428 4429
491 4430 4431 4432
491 4433 4434 4435
492 4436 4437 4438
492 4439 4440 4441
492 4442 4443 4444
493 4445 4446 4447
493 4448 4449 4450
493 4451 4452 4453
494 4454 4455 4456
494 4457 4458 4459
494 4460 4461 4462
495 4463 4464 4465
495 4466 4467 4468
495 4469 4470 4471
496 4472 4473 4474
496 4475 4476 4477
496 4478 4479 4480
497 4481 4482 4483
497 4484 4485 4486
497 4487 4488 4489
498 4490 4491 4492
498 4493 4494 4495
498 4496 4497 4498
499 4499 4500 4501
499 4502 4503 4504
499 4505 4506 4507
500 4508 4509 4510
500 4511 4512 4513
500 4514 4515 4516
501 4517 4518 4519
501 4520 4521 4522
501 4523 4524 4525
502 4526 4527 4528
502 4529 4530 4531
502 4532 4533 4534
503 4535 4536 4537
503 4538 4539 4540
503 4541 4542 4543
504 4544 4545 4546
504 4547 4548 4549
504 4550 4551 4552
505 4553 4554 4555
505 4556 4557 4558
505 4559 4560 4561
506 4562 4563 4564
506 4565 4566 4567
506 4568 4569 4570
507 4571 4572 4573
507 4574 4575 4576
507 4577 4578 4579
508 4580 4581 4582
508 4583 4584 4585
508 4586 4587 4588
509 4589 4590 4591
509 4592 4593 4594
509 4595 4596 4597
510 4598 4599 4600
510 4601 4602 4603
510 4604 4605 4606
511 4607 4608 4609
511 4610 4611 4612
511 4613 4614 4615
512 4616 4617 4618
512 4619 4620 4621
512 4622 4623 4624
513 4625 4626 4627
513 4628 4629 4630
513 4631 4632 4633
514 4634 4635 4636
514 4637 4638 4639
514 4640 4641 4642
515 4643 4644 4645
515 4646 4647 4648
515 4649 4650 4651
516 4652 4653 4654
516 4655 4656 4657
516 4658 4659 4660
517 4661 4662 4663
517 4664 4665 4666
517 4667 4668 4669
518 4670 4671 4672
518 4673 4674 4675
518 4676 4677 4678
519 4679 4680 4681
519 4682 4683 4684
519 4685 4686 4687
520 4688 4689 4690
520 4691 4692 4693
520 4694 4695 4696
521 4697 4698 4699
521 4700 4701 4702
521 4703 4704 4705
522 4706 4707 4708
522 4709 4710 4711
522 4712 4713 4714
523 4715 4716 4717
523 4718 4719 4720
523 4721 4722 4723
524 4724 4725 4726
524 4727 4728 4729
524 4730 4731 4732
525 4733 4734 4735
525 4736 4737 4738
525 4739 4740 4741
526 4742 4743 4744
526 4745 4746 4747
526 4748 4749 4750
527 4751 4752 4753
527 4754 4755 4756
527 4757 4758 4759
528 4760 4761 4762
528 4763 4764 4765
528 4766 4767 4768
529 4769 4770 4771
529 4772 4773 4774
529 4775 4776 4777
530 4778 4779 4780
530 4781 4782 4783
530 4784 4785 4786
531 4787 4788 4789
531 4790 4791 4792
531 4793 4794 4795
532 4796 4797 4798
532 4799 4800 4801
532 4802 4803 4804
533 4805 4806 4807
533 4808 4809 4810
533 4811 4812 4813
534 4814 4815 4816
534 4817 4818 4819
534 4820 4821 4822
535 4823 4824 4825
535 4826 4827 4828
535 4829 4830 4831
536 4832 4833 4834
536 4835 4836 4837
536 4838 4839 4840
537 4841 4842 4843
537 4844 4845 4846
537 4847 4848 4849
538 4850 4851 4852
538 4853 4854 4855
538 4856 4857 4858
539 4859 4860 4861
539 4862 4863 4864
539 4865 4866 4867
540 4868 4869 4870
540 4871 4872 4873
540 4874 4875 4876
541 4877 4878 4879
541 4880 4881 4882
541 4883 4884 4885
542 4886 4887 4888
542 4889 4890 4891
542 4892 4893 4894
543 4895 4896 4897
543 4898 4899 4900
543 4901 4902 4903
544 4904 4905 4906
544 4907 4908 4909
544 4910 4911 4912
545 4913 4914 4915
545 4916 4917 4918
545 4919 4920 4921
546 4922 4923 4924
546 4925 4926 4927
546 4928 4929 4930
547 4931 4932 4933
547 4934 4935 4936
547 4937 4938 4939
548 4940 4941 4942
548 4943 4944 4945
548 4946 4947 4948
549 4949 4950 4951
549 4952 4953 4954
549 4955 4956 4957
550 4958 4959 4960
550 4961 4962 4963
550 4964 4965 4966
551 4967 4968 4969
551 4970 4971 4972
551 4973 4974 4975
552 4976 4977 4978
552 4979 4980 4981
552 4982 4983 4984
553 4985 4986 4987
553 4988 4989 4990
553 4991 4992 4993
554 4994 4995 4996
554 4997 4998 4999
554 5000 5001 5002
555 5003 5004 5005
555 5006 5007 5008
555 5009 5010 5011
556 5012 5013 5014
556 5015 5016 5017
556 5018 5019 5020
557 5021 5022 5023
557 5024 5025 5026
557 5027 5028 5029
558 5030 5031 5032
558 5033 5034 5035
558 5036 5037 5038
559 5039 5040 5041
559 5042 5043 5044
559 5045 5046 5047
560 5048 5049 5050
560 5051 5052 5053
560 5054 5055 5056
561 5057 5058 5059
561 5060 5061 5062
561 5063 5064 5065
562 5066 5067 5068
562 5069 5070 5071
562 5072 5073 5074
563 5075 5076 5077
563 5078 5079 5080
563 5081 5082 5083
564 5084 5085 5086
564 5087 5088 5089
564 5090 5091 5092
565 5093 5094 5095
565 5096 5097 5098
565 5099 5100 5101
566 5102 5103 5104
566 5105 5106 5107
566 5108 5109 5110
567 5111 5112 5113
567 5114 5115 5116
567 5117 5118 5119
568 5120 5121 5122
568 5123 5124 5125
568 5126 5127 5128
569 5129 5130 5131
569 5132 5133 5134
569 5135 5136 5137
570 5138 5139 5140
570 5141 5142 5143
570 5144 5145 5146
571 5147 5148 5149
571 5150 5151 5152
571 5153 5154 5155
572 5156 5157 5158
572 5159 5160 5161
572 5162 5163 5164
573 5165 5166 5167
573 5168 5169 5170
573 5171 5172 5173
574 5174 5175 5176
574 5177 5178 5179
574 5180 5181 5182
575 5183 5184 5185
575 5186 5187 5188
575 5189 5190 5191
576 5192 5193 5194
576 5195 5196 5197
576 5198 5199 5200
577 5201 5202 5203
577 5204 5205 5206
577 5207 5208 5209
578 5210 5211 5212
578 5213 5214 5215
578 5216 5217 5218
579 5219 5220 5221
579 5222 5223 5224
579 5225 5226 5227
580 5228 5229 5230
580 5231 5232 5233
580 5234 5235 5236
581 5237 5238 5239
581 5240 5241 5242
581 5243 5244 5245
582 5246 5247 5248
582 5249 5250 5251
582 5252 5253 5254
583 5255 5256 5257
583 5258 5259 5260
583 5261 5262 5263
584 5264 5265 5266
584 5267 5268 5269
584 5270 5271 5272
585 5273 5274 5275
585 5276 5277 5278
585 5279 5280 5281
586 5282 5283 5284
586 5285 5286 5287
586 5288 5289 5290
587 5291 5292 5293
587 5294 5295 5296
587 5297 5298 5299
588 5300 5301 5302
588 5303 5304 5305
588 5306 5307 5308
589 5309 5310 5311
589 5312 5313 5314
589 5315 5316 5317
590 5318 5319 5320
590 5321 5322 5323
590 5324 5325 5326
591 5327 5328 5329
591 5330 5331 5332
591 5333 5334 5335
592 5336 5337 5338
592 5339 5340 5341
592 5342 5343 5344
593 5345 5346 5347
593 5348 5349 5350
593 5351 5352 5353
594 5354 5355 5356
594 5357 5358 5359
594 5360 5361 5362
595 5363 5364 5365
595 5366 5367 5368
595 5369 5370 5371
596 5372 5373 5374
596 5375 5376 5377
596 5378 5379 5380
597 5381 5382 5383
597 5384 5385 5386
597 5387 5388 5389
598 5390 5391 5392
598 5393 5394 5395
598 5396 5397 5398
599 5399 5400 5401
599 5402 5403 5404
599 5405 5406 5407
600 5408 5409 5410
600 5411 5412 5413
600 5414 5415 5416
601 5417 5418 5419
601 5420 5421 5422
601 5423 5424 5425
602 5426 5427 5428
602 5429 5430 5431
602 5432 5433 5434
603 5435 5436 5437
603 5438 5439 5440
603 5441 5442 5443
604 5444 5445 5446
604 5447 5448 5449
604 5450 5451 5452
605 5453 5454 5455
605 5456 5457 5458
605 5459 5460 5461
606 5462 5463 5464
606 5465 5466 5467
606 5468 5469 5470
607 5471 5472 5473
607 5474 5475 5476
607 5477 5478 5479
608 5480 5481 5482
608 5483 5484 5485
608 5486 5487 5488
609 5489 5490 5491
609 5492 5493 5494
609 5495 5496 5497
610 5498 5499 5500
610 5501 5502 5503
610 5504 5505 5506
611 5507 5508 5509
611 5510 5511 5512
611 5513 5514 5515
612 5516 5517 5518
612 5519 5520 5521
612 5522 5523 5524
613 5525 5526 5527
613 5528 5529 5530
613 5531 5532 5533
614 5534 5535 5536
614 5537 5538 5539
614 5540 5541 5542
615 5543 5544 5545
615 5546 5547 5548
615 5549 5550 5551
616 5552 5553 5554
616 5555 5556 5557
616 5558 5559 5560
617 5561 5562 5563
617 5564 5565 5566
617 5567 5568 5569
618 5570 5571 5572
618 5573 5574 5575
618 5576 5577 5578
619 5579 5580 5581
619 5582 5583 5584
619 5585 5586 5587
620 5588 5589 5590
620 5591 5592 5593
620 5594 5595 5596
621 5597 5598 5599
621 5600 5601 5602
621 5603 5604 5605
622 5606 5607 5608
622 5609 5610 5611
622 5612 5613 5614
623 5615 5616 5617
623 5618 5619 5620
623 5621 5622 5623
624 5624 5625 5626
624 5627 5628 5629
624 5630 5631 5632
625 5633 5634 5635
625 5636 5637 5638
625 5639 5640 5641
626 5642 5643 5644
626 5645 5646 5647
626 5648 5649 5650
627 5651 5652 5653
627 5654 5655 5656
627 5657 5658 5659
628 5660 5661 5662
628 5663 5664 5665
628 5666 5667 5668
629 5669 5670 5671
629 5672 5673 5674
629 5675 5676 5677
630 5678 5679 5680
630 5681 5682 5683
630 5684 5685 5686
631 5687 5688 5689
631 5690 5691 5692
631 5693 5694 5695
632 5696 5697 5698
632 5699 5700 5701
632 5702 5703 5704
633 5705 5706 5707
633 5708 5709 5710
633 5711 5712 5713
634 5714 5715 5716
634 5717 5718 5719
634 5720 5721 5722
635 5723 5724 5725
635 5726 5727 5728
635 5729 5730 5731
636 5732 5733 5734
636 5735 5736 5737
636 5738 5739 5740
637 5741 5742 5743
637 5744 5745 5746
637 5747 5748 5749
638 5750 5751 5752
638 5753 5754 5755
638 5756 5757 5758
639 5759 5760 5761
639 5762 5763 5764
639 5765 5766 5767
640 5768 5769 5770
640 5771 5772 5773
640 5774 5775 5776
641 5777 5778 5779
641 5780 5781 5782
641 5783 5784 5785
642 5786 5787 5788
642 5789 5790 5791
642 5792 5793 5794
643 5795 5796 5797
643 5798 5799 5800
643 5801 5802 5803
644 5804 5805 5806
644 5807 5808 5809
644 5810 5811 5812
645 5813 5814 5815
645 5816 5817 5818
645 5819 5820 5821
646 5822 5823 5824
646 5825 5826 5827
646 5828 5829 5830
647 5831 5832 5833
647 5834 5835 5836
647 5837 5838 5839
648 5840 5841 5842
648 5843 5844 5845
648 5846 5847 5848
649 5849 5850 5851
649 5852 5853 5854
649 5855 5856 5857
650 5858 5859 5860
650 5861 5862 5863
650 5864 5865 5866
651 5867 5868 5869
651 5870 5871 5872
651 5873 5874 5875
652 5876 5877 5878
652 5879 5880 5881
652 5882 5883 5884
653 5885 5886 5887
653 5888 5889 5890
653 5891 5892 5893
654 5894 5895 5896
654 5897 5898 5899
654 5900 5901 5902
655 5903 5904 5905
655 5906 5907 5908
655 5909 5910 5911
656 5912 5913 5914
656 5915 5916 5917
656 5918 5919 5920
657 5921 5922 5923
657 5924 5925 5926
657 5927 5928 5929
658 5930 5931 5932
658 5933 5934 5935
658 5936 5937 5938
659 5939 5940 5941
659 5942 5943 5944
659 5945 5946 5947
660 5948 5949 5950
660 5951 5952 5953
660 5954 5955 5956
661 5957 5958 5959
661 5960 5961 5962
661 5963 5964 5965
662 5966 5967 5968
662 5969 5970 5971
662 5972 5973 5974
663 5975 5976 5977
663 5978 5979 5980
663 5981 5982 5983
664 5984 5985 5986
664 5987 5988 5989
664 5990 5991 5992
665 5993 5994 5995
665 5996 5997 5998
665 5999 6000 6001
666 6002 6003 6004
666 6005 6006 6007
666 6008 6009 6010
667 6011 6012 6013
667 6014 6015 6016
667 6017 6018 6019
668 6020 6021 6022
668 6023 6024 6025
668 6026 6027 6028
669 6029 6030 6031
669 6032 6033 6034
669 6035 6036 6037
670 6038 6039 6040
670 6041 6042 6043
670 6044 6045 6046
671 6047 6048 6049
671 6050 6051 6052
671 6053 6054 6055
672 6056 6057 6058
672 6059 6060 6061
672 6062 6063 6064
673 6065 6066 6067
673 6068 6069 6070
673 6071 6072 6073
674 6074 6075 6076
674 6077 6078 6079
674 6080 6081 6082
675 6083 6084 6085
675 6086 6087 6088
675 6089 6090 6091
676 6092 6093 6094
676 6095 6096 6097
676 6098 6099 6100
677 6101 6102 6103
677 6104 6105 6106
677 6107 6108 6109
678 6110 6111 6112
678 6113 6114 6115
678 6116 6117 6118
679 6119 6120 6121
679 6122 6123 6124
679 6125 6126 6127
680 6128 6129 6130
680 6131 6132 6133
680 6134 6135 6136
681 6137 6138 6139
681 6140 6141 6142
681 6143 6144 6145
682 6146 6147 6148
682 6149 6150 6151
682 6152 6153 6154
683 6155 6156 6157
683 6158 6159 6160
683 6161 6162 6163
684 6164 6165 6166
684 6167 6168 6169
684 6170 6171 6172
685 6173 6174 6175
685 6176 6177 6178
685 6179 6180 6181
686 6182 6183 6184
686 6185 6186 6187
686 6188 6189 6190
687 6191 6192 6193
687 6194 6195 6196
687 6197 6198 6199
688 6200 6201 6202
688 6203 6204 6205
688 6206 6207 6208
689 6209 6210 6211
689 6212 6213 6214
689 6215 6216 6217
690 6218 6219 6220
690 6221 6222 6223
690 6224 6225 6226
691 6227 6228 6229
691 6230 6231 6232
691 6233 6234 6235
692 6236 6237 6238
692 6239 6240 6241
692 6242 6243 6244
693 6245 6246 6247
693 6248 6249 6250
693 6251 6252 6253
694 6254 6255 6256
694 6257 6258 6259
694 6260 6261 6262
695 6263 6264 6265
695 6266 6267 6268
695 6269 6270 6271
696 6272 6273 6274
696 6275 6276 6277
696 6278 6279 6280
697 6281 6282 6283
697 6284 6285 6286
697 6287 6288 6289
698 6290 6291 6292
698 6293 6294 6295
698 6296 6297 6298
699 6299 6300 6301
699 6302 6303 6304
699 6305 6306 6307
700 6308 6309 6310
700 6311 6312 6313
700 6314 6315 6316
701 6317 6318 6319
701 6320 6321 6322
701 6323 6324 6325
702 6326 6327 6328
702 6329 6330 6331
702 6332 6333 6334
703 6335 6336 6337
703 6338 6339 6340
703 6341 6342 6343
704 6344 6345 6346
704 6347 6348 6349
704 6350 6351 6352
705 6353 6354 6355
705 6356 6357 6358
705 6359 6360 6361
706 6362 6363 6364
706 6365 6366 6367
706 6368 6369 6370
707 6371 6372 6373
707 6374 6375 6376
707 6377 6378 6379
708 6380 6381 6382
708 6383 6384 6385
708 6386 6387 6388
709 6389 6390 6391
709 6392 6393 6394
709 6395 6396 6397
710 6398 6399 6400
710 6401 6402 6403
710 6404 6405 6406
711 6407 6408 6409
711 6410 6411 6412
711 6413 6414 6415
712 6416 6417 6418
712 6419 6420 6421
712 6422 6423 6424
713 6425 6426 6427
713 6428 6429 6430
713 6431 6432 6433
714 6434 6435 6436
714 6437 6438 6439
714 6440 6441 6442
715 6443 6444 6445
715 6446 6447 6448
715 6449 6450 6451
716 6452 6453 6454
716 6455 6456 6457
716 6458 6459 6460
717 6461 6462 6463
717 6464 6465 6466
717 6467 6468 6469
718 6470 6471 6472
718 6473 6474 6475
718 6476 6477 6478
719 6479 6480 6481
719 6482 6483 6484
719 6485 6486 6487
720 6488 6489 6490
720 6491 6492 6493
720 6494 6495 6496
721 6497 6498 6499
721 6500 6501 6502
721 6503 6504 6505
722 6506 6507 6508
722 6509 6510 6511
722 6512 6513 6514
723 6515 6516 6517
723 6518 6519 6520
723 6521 6522 6523
724 6524 6525 6526
724 6527 6528 6529
724 6530 6531 6532
725 6533 6534 6535
725 6536 6537 6538
725 6539 6540 6541
726 6542 6543 6544
726 6545 6546 6547
726 6548 6549 6550
727 6551 6552 6553
727 6554 6555 6556
727 6557 6558 6559
728 6560 6561 6562
728 6563 6564 6565
728 6566 6567 6568
729 6569 6570 6571
729 6572 6573 6574
729 6575 6576 6577
730 6578 6579 6580
730 6581 6582 6583
730 6584 6585 6586
731 6587 6588 6589
731 6590 6591 6592
731 6593 6594 6595
732 6596 6597 6598
732 6599 6600 6601
732 6602 6603 6604
733 6605 6606 6607
733 6608 6609 6610
733 6611 6612 6613
734 6614 6615 6616
734 6617 6618 6619
734 6620 6621 6622
735 6623 6624 6625
735 6626 6627 6628
735 6629 6630 6631
736 6632 6633 6634
736 6635 6636 6637
736 6638 6639 6640
737 6641 6642 6643
737 6644 6645 6646
737 6647 6648 6649
738 6650 6651 6652
738 6653 6654 6655
738 6656 6657 6658
739 6659 6660 6661
739 6662 6663 6664
739 6665 6666 6667
740 6668 6669 6670
740 6671 6672 6673
740 6674 6675 6676
741 6677 6678 6679
741 6680 6681 6682
741 6683 6684 6685
742 6686 6687 6688
742 6689 6690 6691
742 6692 6693 6694
743 6695 6696 6697
743 6698 6699 6700
743 6701 6702 6703
744 6704 6705 6706
744 6707 6708 6709
744 6710 6711 6712
745 6713 6714 6715
745 6716 6717 6718
745 6719 6720 6721
746 6722 6723 6724
746 6725 6726 6727
746 6728 6729 6730
747 6731 6732 6733
747 6734 6735 6736
747 6737 6738 6739
748 6740 6741 6742
748 6743 6744 6745
748 6746 6747 6748
749 6749 6750 6751
749 6752 6753 6754
749 6755 6756 6757
750 6758 6759 6760
750 6761 6762 6763
750 6764 6765 6766
751 6767 6768 6769
751 6770 6771 6772
751 6773 6774 6775
752 6776 6777 6778
752 6779 6780 6781
752 6782 6783 6784
753 6785 6786 6787
753 6788 6789 6790
753 6791 6792 6793
754 6794 6795 6796
754 6797 6798 6799
754 6800 6801 6802
755 6803 6804 6805
755 6806 6807 6808
755 6809 6810 6811
756 6812 6813 6814
756 6815 6816 6817
756 6818 6819 6820
757 6821 6822 6823
757 6824 6825 6826
757 6827 6828 6829
758 6830 6831 6832
758 6833 6834 6835
758 6836 6837 6838
759 6839 6840 6841
759 6842 6843 6844
759 6845 6846 6847
760 6848 6849 6850
760 6851 6852 6853
760 6854 6855 6856
761 6857 6858 6859
761 6860 6861 6862
761 6863 6864 6865
762 6866 6867 6868
762 6869 6870 6871
762 6872 6873 6874
763 6875 6876 6877
763 6878 6879 6880
763 6881 6882 6883
764 6884 6885 6886
764 6887 6888 6889
764 6890 6891 6892
765 6893 6894 6895
765 6896 6897 6898
765 6899 6900 6901
766 6902 6903 6904
766 6905 6906 6907
766 6908 6909 6910
767 6911 6912 6913
767 6914 6915 6916
767 6917 6918 6919
768 6920 6921 6922
768 6923 6924 6925
768 6926 6927 6928
769 6929 6930 6931
769 6932 6933 6934
769 6935 6936 6937
770 6938 6939 6940
770 6941 6942 6943
770 6944 6945 6946
771 6947 6948 6949
771 6950 6951 6952
771 6953 6954 6955
772 6956 6957 6958
772 6959 6960 6961
772 6962 6963 6964
773 6965 6966 6967
773 6968 6969 6970
773 6971 6972 6973
774 6974 6975 6976
774 6977 6978 6979
774 6980 6981 6982
775 6983 6984 6985
775 6986 6987 6988
775 6989 6990 6991
776 6992 6993 6994
776 6995 6996 6997
776 6998 6999 7000
777 7001 7002 7003
777 7004 7005 7006
777 7007 7008 7009
778 7010 7011 7012
778 7013 7014 7015
778 7016 7017 7018
779 7019 7020 7021
779 7022 7023 7024
779 7025 7026 7027
780 7028 7029 7030
780 7031 7032 7033
780 7034 7035 7036
781 7037 7038 7039
781 7040 7041 7042
781 7043 7044 7045
782 7046 7047 7048
782 7049 7050 7051
782 7052 7053 7054
783 7055 7056 7057
783 7058 7059 7060
783 7061 7062 7063
784 7064 7065 7066
784 7067 7068 7069
784 7070 7071 7072
785 7073 7074 7075
785 7076 7077 7078
785 7079 7080 7081
786 7082 7083 7084
786 7085 7086 7087
786 7088 7089 7090
787 7091 7092 7093
787 7094 7095 7096
787 7097 7098 7099
788 7100 7101 7102
788 7103 7104 7105
788 7106 7107 7108
789 7109 7110 7111
789 7112 7113 7114
789 7115 7116 7117
790 7118 7119 7120
790 7121 7122 7123
790 7124 7125 7126
791 7127 7128 7129
791 7130 7131 7132
791 7133 7134 7135
792 7136 7137 7138
792 7139 7140 7141
792 7142 7143 7144
793 7145 7146 7147
793 7148 7149 7150
793 7151 7152 7153
794 7154 7155 7156
794 7157 7158 7159
794 7160 7161 7162
795 7163 7164 7165
795 7166 7167 7168
795 7169 7170 7171
796 7172 7173 7174
796 7175 7176 7177
796 7178 7179 7180
797 7181 7182 7183
797 7184 7185 7186
797 7187 7188 7189
798 7190 7191 7192
798 7193 7194 7195
798 7196 7197 7198
799 7199 7200 7201
799 7202 7203 7204
799 7205 7206 7207
800 7208 7209 7210
800 7211 7212 7213
800 7214 7215 7216
801 7217 7218 7219
801 7220 7221 7222
801 7223 7224 7225
802 7226 7227 7228
802 7229 7230 7231
802 7232 7233 7234
803 7235 7236 7237
803 7238 7239 7240
803 7241 7242 7243
804 7244 7245 7246
804 7247 7248 7249
804 7250 7251 7252
805 7253 7254 7255
805 7256 7257 7258
805 7259 7260 7261
806 7262 7263 7264
806 7265 7266 7267
806 7268 7269 7270
807 7271 7272 7273
807 7274 7275 7276
807 7277 7278 7279
808 7280 7281 7282
808 7283 7284 7285
808 7286 7287 7288
809 7289 7290 7291
809 7292 7293 7294
809 7295 7296 7297
810 7298 7299 7300
810 7301 7302 7303
810 7304 7305 7306
811 7307 7308 7309
811 7310 7311 7312
811 7313 7314 7315
812 7316 7317 7318
812 7319 7320 7321
812 7322 7323 7324
813 7325 7326 7327
813 7328 7329 7330
813 7331 7332 7333
814 7334 7335 7336
814 7337 7338 7339
814 7340 7341 7342
815 7343 7344 7345
815 7346 7347 7348
815 7349 7350 7351
816 7352 7353 7354
816 7355 7356 7357
816 7358 7359 7360
817 7361 7362 7363
817 7364 7365 7366
817 7367 7368 7369
818 7370 7371 7372
818 7373 7374 7375
818 7376 7377 7378
819 7379 7380 7381
819 7382 7383 7384
819 7385 7386 7387
820 7388 7389 7390
820 7391 7392 7393
820 7394 7395 7396
821 7397 7398 7399
821 7400 7401 7402
821 7403 7404 7405
822 7406 7407 7408
822 7409 7410 7411
822 7412 7413 7414
823 7415 7416 7417
823 7418 7419 7420
823 7421 7422 7423
824 7424 7425 7426
824 7427 7428 7429
824 7430 7431 7432
825 7433 7434 7435
825 7436 7437 7438
825 7439 7440 7441
826 7442 7443 7444
826 7445 7446 7447
826 7448 7449 7450
827 7451 7452 7453
827 7454 7455 7456
827 7457 7458 7459
828 7460 7461 7462
828 7463 7464 7465
828 7466 7467 7468
829 7469 7470 7471
829 7472 7473 7474
829 7475 7476 7477
830 7478 7479 7480
830 7481 7482 7483
830 7484 7485 7486
831 7487 7488 7489
831 7490 7491 7492
831 7493 7494 7495
832 7496 7497 7498
832 7499 7500 7501
832 7502 7503 7504
833 7505 7506 7507
833 7508 7509 7510
833 7511 7512 7513
834 7514 7515 7516
834 7517 7518 7519
834 7520 7521 7522
835 7523 7524 7525
835 7526 7527 7528
835 7529 7530 7531
836 7532 7533 7534
836 7535 7536 7537
836 7538 7539 7540
837 7541 7542 7543
837 7544 7545 7546
837 7547 7548 7549
838 7550 7551 7552
838 7553 7554 7555
838 7556 7557 7558
839 7559 7560 7561
839 7562 7563 7564
839 7565 7566 7567
840 7568 7569 7570
840 7571 7572 7573
840 7574 7575 7576
841 7577 7578 7579
841 7580 7581 7582
841 7583 7584 7585
842 7586 7587 7588
842 7589 7590 7591
842 7592 7593 7594
843 7595 7596 7597
843 7598 7599 7600
843 7601 7602 7603
844 7604 7605 7606
844 7607 7608 7609
844 7610 7611 7612
845 7613 7614 7615
845 7616 7617 7618
845 7619 7620 7621
846 7622 7623 7624
846 7625 7626 7627
846 7628 7629 7630
847 7631 7632 7633
847 7634 7635 7636
847 7637 7638 7639
848 7640 7641 7642
848 7643 7644 7645
848 7646 7647 7648
849 7649 7650 7651
849 7652 7653 7654
849 7655 7656 7657
850 7658 7659 7660
850 7661 7662 7663
850 7664 7665 7666
851 7667 7668 7669
851 7670 7671 7672
851 7673 7674 7675
852 7676 7677 7678
852 7679 7680 7681
852 7682 7683 7684
853 7685 7686 7687
853 7688 7689 7690
853 7691 7692 7693
854 7694 7695 7696
854 7697 7698 7699
854 7700 7701 7702
855 7703 7704 7705
855 7706 7707 7708
855 7709 7710 7711
856 7712 7713 7714
856 7715 7716 7717
856 7718 7719 7720
857 7721 7722 7723
857 7724 7725 7726
857 7727 7728 7729
858 7730 7731 7732
858 7733 7734 7735
858 7736 7737 7738
859 7739 7740 7741
859 7742 7743 7744
859 7745 7746 7747
860 7748 7749 7750
860 7751 7752 7753
860 7754 7755 7756
861 7757 7758 7759
861 7760 7761 7762
861 7763 7764 7765
862 7766 7767 7768
862 7769 7770 7771
862 7772 7773 7774
863 7775 7776 7777
863 7778 7779 7780
863 7781 7782 7783
864 7784 7785 7786
864 7787 7788 7789
864 7790 7791 7792
865 7793 7794 7795
865 7796 7797 7798
865 7799 7800 7801
866 7802 7803 7804
866 7805 7806 7807
866 7808 7809 7810
867 7811 7812 7813
867 7814 7815 7816
867 7817 7818 7819
868 7820 7821 7822
868 7823 7824 7825
868 7826 7827 7828
869 7829 7830 7831
869 7832 7833 7834
869 7835 7836 7837
870 7838 7839 7840
870 7841 7842 7843
870 7844 7845 7846
871 7847 7848 7849
871 7850 7851 7852
871 7853 7854 7855
872 7856 7857 7858
872 7859 7860 7861
872 7862 7863 7864
873 7865 7866 7867
873 7868 7869 7870
873 7871 7872 7873
874 7874 7875 7876
874 7877 7878 7879
874 7880 7881 7882
875 7883 7884 7885
875 7886 7887 7888
875 7889 7890 7891
876 7892 7893 7894
876 7895 7896 7897
876 7898 7899 7900
877 7901 7902 7903
877 7904 7905 7906
877 7907 7908 7909
878 7910 7911 7912
878 7913 7914 7915
878 7916 7917 7918
879 7919 7920 7921
879 7922 7923 7924
879 7925 7926 7927
880 7928 7929 7930
880 7931 7932 7933
880 7934 7935 7936
881 7937 7938 7939
881 7940 7941 7942
881 7943 7944 7945
882 7946 7947 7948
882 7949 7950 7951
882 7952 7953 7954
883 7955 7956 7957
883 7958 7959 7960
883 7961 7962 7963
884 7964 7965 7966
884 7967 7968 7969
884 7970 7971 7972
885 7973 7974 7975
885 7976 7977 7978
885 7979 7980 7981
886 7982 7983 7984
886 7985 7986 7987
886 7988 7989 7990
887 7991 7992 7993
887 7994 7995 7996
887 7997 7998 7999
888 8000 8001 8002
888 8003 8004 8005
888 8006 8007 8008
889 8009 8010 8011
889 8012 8013 8014
889 8015 8016 8017
890 8018 8019 8020
890 8021 8022 8023
890 8024 8025 8026
891 8027 8028 8029
891 8030 8031 8032
891 8033 8034 8035
892 8036 8037 8038
892 8039 8040 8041
892 8042 8043 8044
893 8045 8046 8047
893 8048 8049 8050
893 8051 8052 8053
894 8054 8055 8056
894 8057 8058 8059
894 8060 8061 8062
895 8063 8064 8065
895 8066 8067 8068
895 8069 8070 8071
896 8072 8073 8074
896 8075 8076 8077
896 8078 8079 8080
897 8081 8082 8083
897 8084 8085 8086
897 8087 8088 8089
898 8090 8091 8092
898 8093 8094 8095
898 8096 8097 8098
899 8099 8100 8101
899 8102 8103 8104
899 8105 8106 8107
900 8108 8109 8110
900 8111 8112 8113
900 8114 8115 8116
901 8117 8118 8119
901 8120 8121 8122
901 8123 8124 8125
902 8126 8127 8128
902 8129 8130 8131
902 8132 8133 8134
903 8135 8136 8137
903 8138 8139 8140
903 8141 8142 8143
904 8144 8145 8146
904 8147 8148 8149
904 8150 8151 8152
905 8153 8154 8155
905 8156 8157 8158
905 8159 8160 8161
906 8162 8163 8164
906 8165 8166 8167
906 8168 8169 8170
907 8171 8172 8173
907 8174 8175 8176
907 8177 8178 8179
908 8180 8181 8182
908 8183 8184 8185
908 8186 8187 8188
909 8189 8190 8191
909 8192 8193 8194
909 8195 8196 8197
910 8198 8199 8200
910 8201 8202 8203
910 8204 8205 8206
911 8207 8208 8209
911 8210 8211 8212
911 8213 8214 8215
912 8216 8217 8218
912 8219 8220 8221
912 8222 8223 8224
913 8225 8226 8227
913 8228 8229 8230
913 8231 8232 8233
914 8234 8235 8236
914 8237 8238 8239
914 8240 8241 8242
915 8243 8244 8245
915 8246 8247 8248
915 8249 8250 8251
916 8252 8253 8254
916 8255 8256 8257
916 8258 8259 8260
917 8261 8262 8263
917 8264 8265 8266
917 8267 8268 8269
918 8270 8271 8272
918 8273 8274 8275
918 8276 8277 8278
919 8279 8280 8281
919 8282 8283 8284
919 8285 8286 8287
920 8288 8289 8290
920 8291 8292 8293
920 8294 8295 8296
921 8297 8298 8299
921 8300 8301 8302
921 8303 8304 8305
922 8306 8307 8308
922 8309 8310 8311
922 8312 8313 8314
923 8315 8316 8317
923 8318 8319 8320
923 8321 8322 8323
924 8324 8325 8326
924 8327 8328 8329
924 8330 8331 8332
925 8333 8334 8335
925 8336 8337 8338
925 8339 8340 8341
926 8342 8343 8344
926 8345 8346 8347
926 8348 8349 8350
927 8351 8352 8353
927 8354 8355 8356
927 8357 8358 8359
928 8360 8361 8362
928 8363 8364 8365
928 8366 8367 8368
929 8369 8370 8371
929 8372 8373 8374
929 8375 8376 8377
930 8378 8379 8380
930 8381 8382 8383
930 8384 8385 8386
931 8387 8388 8389
931 8390 8391 8392
931 8393 8394 8395
932 8396 8397 8398
932 8399 8400 8401
932 8402 8403 8404
933 8405 8406 8407
933 8408 8409 8410
933 8411 8412 8413
934 8414 8415 8416
934 8417 8418 8419
934 8420 8421 8422
935 8423 8424 8425
935 8426 8427 8428
935 8429 8430 8431
936 8432 8433 8434
936 8435 8436 8437
936 8438 8439 8440
937 8441 8442 8443
937 8444 8445 8446
937 8447 8448 8449
938 8450 8451 8452
938 8453 8454 8455
938 8456 8457 8458
939 8459 8460 8461
939 8462 8463 8464
939 8465 8466 8467
940 8468 8469 8470
940 8471 8472 8473
940 8474 8475 8476
941 8477 8478 8479
941 8480 8481 8482
941 8483 8484 8485
942 8486 8487 8488
942 8489 8490 8491
942 8492 8493 8494
943 8495 8496 8497
943 8498 8499 8500
943 8501 8502 8503
944 8504 8505 8506
944 8507 8508 8509
944 8510 8511 8512
945 8513 8514 8515
945 8516 8517 8518
945 8519 8520 8521
946 8522 8523 8524
946 8525 8526 8527
946 8528 8529 8530
947 8531 8532 8533
947 8534 8535 8536
947 8537 8538 8539
948 8540 8541 8542
948 8543 8544 8545
948 8546 8547 8548
949 8549 8550 8551
949 8552 8553 8554
949 8555 8556 8557
950 8558 8559 8560
950 8561 8562 8563
950 8564 8565 8566
951 8567 8568 8569
951 8570 8571 8572
951 8573 8574 8575
952 8576 8577 8578
952 8579 8580 8581
952 8582 8583 8584
953 8585 8586 8587
953 8588 8589 8590
953 8591 8592 8593
954 8594 8595 8596
954 8597 8598 8599
954 8600 8601 8602
955 8603 8604 8605
955 8606 8607 8608
955 8609 8610 8611
956 8612 8613 8614
956 8615 8616 8617
956 8618 8619 8620
957 8621 8622 8623
957 8624 8625 8626
957 8627 8628 8629
958 8630 8631 8632
958 8633 8634 8635
958 8636 8637 8638
959 8639 8640 8641
959 8642 8643 8644
959 8645 8646 8647
960 8648 8649 8650
960 8651 8652 8653
960 8654 8655 8656
961 8657 8658 8659
961 8660 8661 8662
961 8663 8664 8665
962 8666 8667 8668
962 8669 8670 8671
962 8672 8673 8674
963 8675 8676 8677
963 8678 8679 8680
963 8681 8682 8683
964 8684 8685 8686
964 8687 8688 8689
964 8690 8691 8692
965 8693 8694 8695
965 8696 8697 8698
965 8699 8700 8701
966 8702 8703 8704
966 8705 8706 8707
966 8708 8709 8710
967 8711 8712 8713
967 8714 8715 8716
967 8717 8718 8719
968 8720 8721 8722
968 8723 8724 8725
968 8726 8727 8728
969 8729 8730 8731
969 8732 8733 8734
969 8735 8736 8737
970 8738 8739 8740
970 8741 8742 8743
970 8744 8745 8746
971 8747 8748 8749
971 8750 8751 8752
971 8753 8754 8755
972 8756 8757 8758
972 8759 8760 8761
972 8762 8763 8764
973 8765 8766 8767
973 8768 8769 8770
973 8771 8772 8773
974 8774 8775 8776
974 8777 8778 8779
974 8780 8781 8782
975 8783 8784 8785
975 8786 8787 8788
975 8789 8790 8791
976 8792 8793 8794
976 8795 8796 8797
976 8798 8799 8800
977 8801 8802 8803
977 8804 8805 8806
977 8807 8808 8809
978 8810 8811 8812
978 8813 8814 8815
978 8816 8817 8818
979 8819 8820 8821
979 8822 8823 8824
979 8825 8826 8827
980 8828 8829 8830
980 8831 8832 8833
980 8834 8835 8836
981 8837 8838 8839
981 8840 8841 8842
981 8843 8844 8845
982 8846 8847 8848
982 8849 8850 8851
982 8852 8853 8854
983 8855 8856 8857
983 8858 8859 8860
983 8861 8862 8863
984 8864 8865 8866
984 8867 8868 8869
984 8870 8871 8872
985 8873 8874 8875
985 8876 8877 8878
985 8879 8880 8881
986 8882 8883 8884
986 8885 8886 8887
986 8888 8889 8890
987 8891 8892 8893
987 8894 8895 8896
987 8897 8898 8899
988 8900 8901 8902
988 8903 8904 8905
988 8906 8907 8908
989 8909 8910 8911
989 8912 8913 8914
989 8915 8916 8917
990 8918 8919 8920
990 8921 8922 8923
990 8924 8925 8926
991 8927 8928 8929
991 8930 8931 8932
991 8933 8934 8935
992 8936 8937 8938
992 8939 8940 8941
992 8942 8943 8944
993 8945 8946 8947
993 8948 8949 8950
993 8951 8952 8953
994 8954 8955 8956
994 8957 8958 8959
994 8960 8961 8962
995 8963 8964 8965
995 8966 8967 8968
995 8969 8970 8971
996 8972 8973 8974
996 8975 8976 8977
996 8978 8979 8980
997 8981 8982 8983
997 8984 8985 8986
997 8987 8988 8989
998 8990 8991 8992
998 8993 8994 8995
998 8996 8997 8998
999 8999 9000 9001
999 9002 9003 9004
999 9005 9006 9007
1000 9008 9009 9010
1000 9011 9012 9013
1000 9014 9015 9016
1001 9017 9018 9019
1001 9020 9021 9022
1001 9023 9024 9025
1002 9026 9027 9028
1002 9029 9030 9031
1002 9032 9033 9034
1003 9035 9036 9037
1003 9038 9039 9040
1003 9041 9042 9043
1004 9044 9045 9046
1004 9047 9048 9049
1004 9050 9051 9052
1005 9053 9054 9055
1005 9056 9057 9058
1005 9059 9060 9061
1006 9062 9063 9064
1006 9065 9066 9067
1006 9068 9069 9070
1007 9071 9072 9073
1007 9074 9075 9076
1007 9077 9078 9079
1008 9080 9081 9082
1008 9083 9084 9085
1008 9086 9087 9088
1009 9089 9090 9091
1009 9092 9093 9094
1009 9095 9096 9097
1010 9098 9099 9100
1010 9101 9102 9103
1010 9104 9105 9106
1011 9107 9108 9109
1011 9110 9111 9112
1011 9113 9114 9115
1012 9116 9117 9118
1012 9119 9120 9121
1012 9122 9123 9124
1013 9125 9126 9127
1013 9128 9129 9130
1013 9131 9132 9133
1014 9134 9135 9136
1014 9137 9138 9139
1014 9140 9141 9142
1015 9143 9144 9145
1015 9146 9147 9148
1015 9149 9150 9151
1016 9152 9153 9154
1016 9155 9156 9157
1016 9158 9159 9160
1017 9161 9162 9163
1017 9164 9165 9166
1017 9167 9168 9169
1018 9170 9171 9172
1018 9173 9174 9175
1018 9176 9177 9178
1019 9179 9180 9181
1019 9182 9183 9184
1019 9185 9186 9187
1020 9188 9189 9190
1020 9191 9192 9193
1020 9194 9195 9196
1021 9197 9198 9199
1021 9200 9201 9202
1021 9203 9204 9205
1022 9206 9207 9208
1022 9209 9210 9211
1022 9212 9213 9214
1023 9215 9216 9217
1023 9218 9219 9220
1023 9221 9222 9223
1024 9224 9225 9226
1024 9227 9228 9229
1024 9230 9231 9232
1025 9233 9234 9235
1025 9236 9237 9238
1025 9239 9240 9241
1026 9242 9243 9244
1026 9245 9246 9247
1026 9248 9249 9250
1027 9251 9252 9253
1027 9254 9255 9256
1027 9257 9258 9259
1028 9260 9261 9262
1028 9263 9264 9265
1028 9266 9267 9268
1029 9269 9270 9271
1029 9272 9273 9274
1029 9275 9276 9277
1030 9278 9279 9280
1030 9281 9282 9283
1030 9284 9285 9286
1031 9287 9288 9289
1031 9290 9291 9292
1031 9293 9294 9295
1032 9296 9297 9298
1032 9299 9300 9301
1032 9302 9303 9304
1033 9305 9306 9307
1033 9308 9309 9310
1033 9311 9312 9313
1034 9314 9315 9316
1034 9317 9318 9319
1034 9320 9321 9322
1035 9323 9324 9325
1035 9326 9327 9328
1035 9329 9330 9331
1036 9332 9333 9334
1036 9335 9336 9337
1036 9338 9339 9340
1037 9341 9342 9343
1037 9344 9345 9346
1037 9347 9348 9349
1038 9350 9351 9352
1038 9353 9354 9355
1038 9356 9357 9358
1039 9359 9360 9361
1039 9362 9363 9364
1039 9365 9366 9367
1040 9368 9369 9370
1040 9371 9372 9373
1040 9374 9375 9376
1041 9377 9378 9379
1041 9380 9381 9382
1041 9383 9384 9385
1042 9386 9387 9388
1042 9389 9390 9391
1042 9392 9393 9394
1043 9395 9396 9397
1043 9398 9399 9400
1043 9401 9402 9403
1044 9404 9405 9406
1044 9407 9408 9409
1044 9410 9411 9412
1045 9413 9414 9415
1045 9416 9417 9418
1045 9419 9420 9421
1046 9422 9423 9424
1046 9425 9426 9427
1046 9428 9429 9430
1047 9431 9432 9433
1047 9434 9435 9436
1047 9437 9438 9439
1048 9440 9441 9442
1048 9443 9444 9445
1048 9446 9447 9448
1049 9449 9450 9451
1049 9452 9453 9454
1049 9455 9456 9457
1050 9458 9459 9460
1050 9461 9462 9463
1050 9464 9465 9466
1051 9467 9468 9469
1051 9470 9471 9472
1051 9473 9474 9475
1052 9476 9477 9478
1052 9479 9480 9481
1052 9482 9483 9484
1053 9485 9486 9487
1053 9488 9489 9490
1053 9491 9492 9493
1054 9494 9495 9496
1054 9497 9498 9499
1054 9500 9501 9502
1055 9503 9504 9505
1055 9506 9507 9508
1055 9509 9510 9511
1056 9512 9513 9514
1056 9515 9516 9517
1056 9518 9519 9520
1057 9521 9522 9523
1057 9524 9525 9526
1057 9527 9528 9529
1058 9530 9531 9532
1058 9533 9534 9535
1058 9536 9537 9538
1059 9539 9540 9541
1059 9542 9543 9544
1059 9545 9546 9547
1060 9548 9549 9550
1060 9551 9552 9553
1060 9554 9555 9556
1061 9557 9558 9559
1061 9560 9561 9562
1061 9563 9564 9565
1062 9566 9567 9568
1062 9569 9570 9571
1062 9572 9573 9574
1063 9575 9576 9577
1063 9578 9579 9580
1063 9581 9582 9583
1064 9584 9585 9586
1064 9587 9588 9589
1064 9590 9591 9592
1065 9593 9594 9595
1065 9596 9597 9598
1065 9599 9600 9601
1066 9602 9603 9604
1066 9605 9606 9607
1066 9608 9609 9610
1067 9611 9612 9613
1067 9614 9615 9616
1067 9617 9618 9619
1068 9620 9621 9622
1068 9623 9624 9625
1068 9626 9627 9628
1069 9629 9630 9631
1069 9632 9633 9634
1069 9635 9636 9637
1070 9638 9639 9640
1070 9641 9642 9643
1070 9644 9645 9646
1071 9647 9648 9649
1071 9650 9651 9652
1071 9653 9654 9655
1072 9656 9657 9658
1072 9659 9660 9661
1072 9662 9663 9664
1073 9665 9666 9667
1073 9668 9669 9670
1073 9671 9672 9673
1074 9674 9675 9676
1074 9677 9678 9679
1074 9680 9681 9682
1075 9683 9684 9685
1075 9686 9687 9688
1075 9689 9690 9691
1076 9692 9693 9694
1076 9695 9696 9697
1076 9698 9699 9700
1077 9701 9702 9703
1077 9704 9705 9706
1077 9707 9708 9709
1078 9710 9711 9712
1078 9713 9714 9715
1078 9716 9717 9718
1079 9719 9720 9721
1079 9722 9723 9724
1079 9725 9726 9727
1080 9728 9729 9730
1080 9731 9732 9733
1080 9734 9735 9736
1081 9737 9738 9739
1081 9740 9741 9742
1081 9743 9744 9745
1082 9746 9747 9748
1082 9749 9750 9751
1082 9752 9753 9754
1083 9755 9756 9757
1083 9758 9759 9760
1083 9761 9762 9763
1084 9764 9765 9766
1084 9767 9768 9769
1084 9770 9771 9772
1085 9773 9774 9775
1085 9776 9777 9778
1085 9779 9780 9781
1086 9782 9783 9784
1086 9785 9786 9787
1086 9788 9789 9790
1087 9791 9792 9793
1087 9794 9795 9796
1087 9797 9798 9799
1088 9800 9801 9802
1088 9803 9804 9805
1088 9806 9807 9808
1089 9809 9810 9811
1089 9812 9813 9814
1089 9815 9816 9817
1090 9818 9819 9820
1090 9821 9822 9823
1090 9824 9825 9826
1091 9827 9828 9829
1091 9830 9831 9832
1091 9833 9834 9835
1092 9836 9837 9838
1092 9839 9840 9841
1092 9842 9843 9844
1093 9845 9846 9847
1093 9848 9849 9850
1093 9851 9852 9853
1094 9854 9855 9856
1094 9857 9858 9859
1094 9860 9861 9862
1095 9863 9864 9865
1095 9866 9867 9868
1095 9869 9870 9871
1096 9872 9873 9874
1096 9875 9876 9877
1096 9878 9879 9880
1097 9881 9882 9883
1097 9884 9885 9886
1097 9887 9888 9889
1098 9890 9891 9892
1098 9893 9894 9895
1098 9896 9897 9898
1099 9899 9900 9901
1099 9902 9903 9904
1099 9905 9906 9907
1100 9908 9909 9910
1100 9911 9912 9913
1100 9914 9915 9916
1101 9917 9918 9919
1101 9920 9921 9922
1101 9923 9924 9925
1102 9926 9927 9928
1102 9929 9930 9931
1102 9932 9933 9934
1103 9935 9936 9937
1103 9938 9939 9940
1103 9941 9942 9943
1104 9944 9945 9946
1104 9947 9948 9949
1104 9950 9951 9952
1105 9953 9954 9955
1105 9956 9957 9958
1105 9959 9960 9961
1106 9962 9963 9964
1106 9965 9966 9967
1106 9968 9969 9970
1107 9971 9972 9973
1107 9974 9975 9976
1107 9977 9978 9979
1108 9980 9981 9982
1108 9983 9984 9985
1108 9986 9987 9988
1109 9989 9990 9991
1109 9992 9993 9994
1109 9995 9996 9997
1110 9998 9999
1110
1110
1111
1111
1111
1112
1112
1112
1113
1113
1113
1114
1114
1114
1115
1115
1115
1116
1116
1116
1117
1117
1117
1118
1118
1118
1119
1119
1119
1120
1120
1120
1121
1121
1121
1122
1122
1122
1123
1123
1123
1124
1124
1124
1125
1125
1125
1126
1126
1126
1127
1127
1127
1128
1128
1128
1129
1129
1129
1130
1130
1130
1131
1131
1131
1132
1132
1132
1133
1133
1133
1134
1134
1134
1135
1135
1135
1136
1136
1136
1137
1137
1137
1138
1138
1138
1139
1139
1139
1140
1140
1140
1141
1141
1141
1142
1142
1142
1143
1143
1143
1144
1144
1144
1145
1145
1145
1146
1146
1146
1147
1147
1147
1148
1148
1148
1149
1149
1149
1150
1150
1150
1151
1151
1151
1152
1152
1152
1153
1153
1153
1154
1154
1154
1155
1155
1155
1156
1156
1156
1157
1157
1157
1158
1158
1158
1159
1159
1159
1160
1160
1160
1161
1161
1161
1162
1162
1162
1163
1163
1163
1164
1164
1164
1165
1165
1165
1166
1166
1166
1167
1167
1167
1168
1168
1168
1169
1169
1169
1170
1170
1170
1171
1171
1171
1172
1172
1172
1173
1173
1173
1174
1174
1174
1175
1175
1175
1176
1176
1176
1177
1177
1177
1178
1178
1178
1179
1179
1179
1180
1180
1180
1181
1181
1181
1182
1182
1182
1183
1183
1183
1184
1184
1184
1185
1185
1185
1186
1186
1186
1187
1187
1187
1188
1188
1188
1189
1189
1189
1190
1190
1190
1191
1191
1191
1192
1192
1192
1193
1193
1193
1194
1194
1194
1195
1195
1195
1196
1196
1196
1197
1197
1197
1198
1198
1198
1199
1199
1199
1200
1200
1200
1201
1201
1201
1202
1202
1202
1203
1203
1203
1204
1204
1204
1205
1205
1205
1206
1206
1206
1207
1207
1207
1208
1208
1208
1209
1209
1209
1210
1210
1210
1211
1211
1211
1212
1212
1212
1213
1213
1213
1214
1214
1214
1215
1215
1215
1216
1216
1216
1217
1217
1217
1218
1218
1218
1219
1219
1219
1220
1220
1220
1221
1221
1221
1222
1222
1222
1223
1223
1223
1224
1224
1224
1225
1225
1225
1226
1226
1226
1227
1227
1227
1228
1228
1228
1229
1229
1229
1230
1230
1230
1231
1231
1231
1232
1232
1232
1233
1233
1233
1234
1234
1234
1235
1235
1235
1236
1236
1236
1237
1237
1237
1238
1238
1238
1239
1239
1239
1240
1240
1240
1241
1241
1241
1242
1242
1242
1243
1243
1243
1244
1244
1244
1245
1245
1245
1246
1246
1246
1247
1247
1247
1248
1248
1248
1249
1249
1249
1250
1250
1250
1251
1251
1251
1252
1252
1252
1253
1253
1253
1254
1254
1254
1255
1255
1255
1256
1256
1256
1257
1257
1257
1258
1258
1258
1259
1259
1259
1260
1260
1260
1261
1261
1261
1262
1262
1262
1263
1263
1263
1264
1264
1264
1265
1265
1265
1266
1266
1266
1267
1267
1267
1268
1268
1268
1269
1269
1269
1270
1270
1270
1271
1271
1271
1272
1272
1272
1273
1273
1273
1274
1274
1274
1275
1275
1275
1276
1276
1276
1277
1277
1277
1278
1278
1278
1279
1279
1279
1280
1280
1280
1281
1281
1281
1282
1282
1282
1283
1283
1283
1284
1284
1284
1285
1285
1285
1286
1286
1286
1287
1287
1287
1288
1288
1288
1289
1289
1289
1290
1290
1290
1291
1291
1291
1292
1292
1292
1293
1293
1293
1294
1294
1294
1295
1295
1295
1296
1296
1296
1297
1297
1297
1298
1298
1298
1299
1299
1299
1300
1300
1300
1301
1301
1301
1302
1302
1302
1303
1303
1303
1304
1304
1304
1305
1305
1305
1306
1306
1306
1307
1307
1307
1308
1308
1308
1309
1309
1309
1310
1310
1310
1311
1311
1311
1312
1312
1312
1313
1313
1313
1314
1314
1314
1315
1315
1315
1316
1316
1316
1317
1317
1317
1318
1318
1318
1319
1319
1319
1320
1320
1320
1321
1321
1321
1322
1322
1322
1323
1323
1323
1324
1324
1324
1325
1325
1325
1326
1326
1326
1327
1327
1327
1328
1328
1328
1329
1329
1329
1330
1330
1330
1331
1331
1331
1332
1332
1332
1333
1333
1333
1334
1334
1334
1335
1335
1335
1336
1336
1336
1337
1337
1337
1338
1338
1338
1339
1339
1339
1340
1340
1340
1341
1341
1341
1342
1342
1342
1343
1343
1343
1344
1344
1344
1345
1345
1345
1346
1346
1346
1347
1347
1347
1348
1348
1348
1349
1349
1349
1350
1350
1350
1351
1351
1351
1352
1352
1352
1353
1353
1353
1354
1354
1354
1355
1355
1355
1356
1356
1356
1357
1357
1357
1358
1358
1358
1359
1359
1359
1360
1360
1360
1361
1361
1361
1362
1362
1362
1363
1363
1363
1364
1364
1364
1365
1365
1365
1366
1366
1366
1367
1367
1367
1368
1368
1368
1369
1369
1369
1370
1370
1370
1371
1371
1371
1372
1372
1372
1373
1373
1373
1374
1374
1374
1375
1375
1375
1376
1376
1376
1377
1377
1377
1378
1378
1378
1379
1379
1379
1380
1380
1380
1381
1381
1381
1382
1382
1382
1383
1383
1383
1384
1384
1384
1385
1385
1385
1386
1386
1386
1387
1387
1387
1388
1388
1388
1389
1389
1389
1390
1390
1390
1391
1391
1391
1392
1392
1392
1393
1393
1393
1394
1394
1394
1395
1395
1395
1396
1396
1396
1397
1397
1397
1398
1398
1398
1399
1399
1399
1400
1400
1400
1401
1401
1401
1402
1402
1402
1403
1403
1403
1404
1404
1404
1405
1405
1405
1406
1406
1406
1407
1407
1407
1408
1408
1408
1409
1409
1409
1410
1410
1410
1411
1411
1411
1412
1412
1412
1413
1413
1413
1414
1414
1414
1415
1415
1415
1416
1416
1416
1417
1417
1417
1418
1418
1418
1419
1419
1419
1420
1420
1420
1421
1421
1421
1422
1422
1422
1423
1423
1423
1424
1424
1424
1425
1425
1425
1426
1426
1426
1427
1427
1427
1428
1428
1428
1429
1429
1429
1430
1430
1430
1431
1431
1431
1432
1432
1432
1433
1433
1433
1434
1434
1434
1435
1435
1435
1436
1436
1436
1437
1437
1437
1438
1438
1438
1439
1439
1439
1440
1440
1440
1441
1441
1441
1442
1442
1442
1443
1443
1443
1444
1444
1444
1445
1445
1445
1446
1446
1446
1447
1447
1447
1448
1448
1448
1449
1449
1449
1450
1450
1450
1451
1451
1451
1452
1452
1452
1453
1453
1453
1454
1454
1454
1455
1455
1455
1456
1456
1456
1457
1457
1457
1458
1458
1458
1459
1459
1459
1460
1460
1460
1461
1461
1461
1462
1462
1462
1463
1463
1463
1464
1464
1464
1465
1465
1465
1466
1466
1466
1467
1467
1467
1468
1468
1468
1469
1469
1469
1470
1470
1470
1471
1471
1471
1472
1472
1472
1473
1473
1473
1474
1474
1474
1475
1475
1475
1476
1476
1476
1477
1477
1477
1478
1478
1478
1479
1479
1479
1480
1480
1480
1481
1481
1481
1482
1482
1482
1483
1483
1483
1484
1484
1484
1485
1485
1485
1486
1486
1486
1487
1487
1487
1488
1488
1488
1489
1489
1489
1490
1490
1490
1491
1491
1491
1492
1492
1492
1493
1493
1493
1494
1494
1494
1495
1495
1495
1496
1496
1496
1497
1497
1497
1498
1498
1498
1499
1499
1499
1500
1500
1500
1501
1501
1501
1502
1502
1502
1503
1503
1503
1504
1504
1504
1505
1505
1505
1506
1506
1506
1507
1507
1507
1508
1508
1508
1509
1509
1509
1510
1510
1510
1511
1511
1511
1512
1512
1512
1513
1513
1513
1514
1514
1514
1515
1515
1515
1516
1516
1516
1517
1517
1517
1518
1518
1518
1519
1519
1519
1520
1520
1520
1521
1521
1521
1522
1522
1522
1523
1523
1523
1524
1524
1524
1525
1525
1525
1526
1526
1526
1527
1527
1527
1528
1528
1528
1529
1529
1529
1530
1530
1530
1531
1531
1531
1532
1532
1532
1533
1533
1533
1534
1534
1534
1535
1535
1535
1536
1536
1536
1537
1537
1537
1538
1538
1538
1539
1539
1539
1540
1540
1540
1541
1541
1541
1542
1542
1542
1543
1543
1543
1544
1544
1544
1545
1545
1545
1546
1546
1546
1547
1547
1547
1548
1548
1548
1549
1549
1549
1550
1550
1550
1551
1551
1551
1552
1552
1552
1553
1553
1553
1554
1554
1554
1555
1555
1555
1556
1556
1556
1557
1557
1557
1558
1558
1558
1559
1559
1559
1560
1560
1560
1561
1561
1561
1562
1562
1562
1563
1563
1563
1564
1564
1564
1565
1565
1565
1566
1566
1566
1567
1567
1567
1568
1568
1568
1569
1569
1569
1570
1570
1570
1571
1571
1571
1572
1572
1572
1573
1573
1573
1574
1574
1574
1575
1575
1575
1576
1576
1576
1577
1577
1577
1578
1578
1578
1579
1579
1579
1580
1580
1580
1581
1581
1581
1582
1582
1582
1583
1583
1583
1584
1584
1584
1585
1585
1585
1586
1586
1586
1587
1587
1587
1588
1588
1588
1589
1589
1589
1590
1590
1590
1591
1591
1591
1592
1592
1592
1593
1593
1593
1594
1594
1594
1595
1595
1595
1596
1596
1596
1597
1597
1597
1598
1598
1598
1599
1599
1599
1600
1600
1600
1601
1601
1601
1602
1602
1602
1603
1603
1603
1604
1604
1604
1605
1605
1605
1606
1606
1606
1607
1607
1607
1608
1608
1608
1609
1609
1609
1610
1610
1610
1611
1611
1611
1612
1612
1612
1613
1613
1613
1614
1614
1614
1615
1615
1615
1616
1616
1616
1617
1617
1617
1618
1618
1618
1619
1619
1619
1620
1620
1620
1621
1621
1621
1622
1622
1622
1623
1623
1623
1624
1624
1624
1625
1625
1625
1626
1626
1626
1627
1627
1627
1628
1628
1628
1629
1629
1629
1630
1630
1630
1631
1631
1631
1632
1632
1632
1633
1633
1633
1634
1634
1634
1635
1635
1635
1636
1636
1636
1637
1637
1637
1638
1638
1638
1639
1639
1639
1640
1640
1640
1641
1641
1641
1642
1642
1642
1643
1643
1643
1644
1644
1644
1645
1645
1645
1646
1646
1646
1647
1647
1647
1648
1648
1648
1649
1649
1649
1650
1650
1650
1651
1651
1651
1652
1652
1652
1653
1653
1653
1654
1654
1654
1655
1655
1655
1656
1656
1656
1657
1657
1657
1658
1658
1658
1659
1659
1659
1660
1660
1660
1661
1661
1661
1662
1662
1662
1663
1663
1663
1664
1664
1664
1665
1665
1665
1666
1666
1666
1667
1667
1667
1668
1668
1668
1669
1669
1669
1670
1670
1670
1671
1671
1671
1672
1672
1672
1673
1673
1673
1674
1674
1674
1675
1675
1675
1676
1676
1676
1677
1677
1677
1678
1678
1678
1679
1679
1679
1680
1680
1680
1681
1681
1681
1682
1682
1682
1683
1683
1683
1684
1684
1684
1685
1685
1685
1686
1686
1686
1687
1687
1687
1688
1688
1688
1689
1689
1689
1690
1690
1690
1691
1691
1691
1692
1692
1692
1693
1693
1693
1694
1694
1694
1695
1695
1695
1696
1696
1696
1697
1697
1697
1698
1698
1698
1699
1699
1699
1700
1700
1700
1701
1701
1701
1702
1702
1702
1703
1703
1703
1704
1704
1704
1705
1705
1705
1706
1706
1706
1707
1707
1707
1708
1708
1708
1709
1709
1709
1710
1710
1710
1711
1711
1711
1712
1712
1712
1713
1713
1713
1714
1714
1714
1715
1715
1715
1716
1716
1716
1717
1717
1717
1718
1718
1718
1719
1719
1719
1720
1720
1720
1721
1721
1721
1722
1722
1722
1723
1723
1723
1724
1724
1724
1725
1725
1725
1726
1726
1726
1727
1727
1727
1728
1728
1728
1729
1729
1729
1730
1730
1730
1731
1731
1731
1732
1732
1732
1733
1733
1733
1734
1734
1734
1735
1735
1735
1736
1736
1736
1737
1737
1737
1738
1738
1738
1739
1739
1739
1740
1740
1740
1741
1741
1741
1742
1742
1742
1743
1743
1743
1744
1744
1744
1745
1745
1745
1746
1746
1746
1747
1747
1747
1748
1748
1748
1749
1749
1749
1750
1750
1750
1751
1751
1751
1752
1752
1752
1753
1753
1753
1754
1754
1754
1755
1755
1755
1756
1756
1756
1757
1757
1757
1758
1758
1758
1759
1759
1759
1760
1760
1760
1761
1761
1761
1762
1762
1762
1763
1763
1763
1764
1764
1764
1765
1765
1765
1766
1766
1766
1767
1767
1767
1768
1768
1768
1769
1769
1769
1770
1770
1770
1771
1771
1771
1772
1772
1772
1773
1773
1773
1774
1774
1774
1775
1775
1775
1776
1776
1776
1777
1777
1777
1778
1778
1778
1779
1779
1779
1780
1780
1780
1781
1781
1781
1782
1782
1782
1783
1783
1783
1784
1784
1784
1785
1785
1785
1786
1786
1786
1787
1787
1787
1788
1788
1788
1789
1789
1789
1790
1790
1790
1791
1791
1791
1792
1792
1792
1793
1793
1793
1794
1794
1794
1795
1795
1795
1796
1796
1796
1797
1797
1797
1798
1798
1798
1799
1799
1799
1800
1800
1800
1801
1801
1801
1802
1802
1802
1803
1803
1803
1804
1804
1804
1805
1805
1805
1806
1806
1806
1807
1807
1807
1808
1808
1808
1809
1809
1809
1810
1810
1810
1811
1811
1811
1812
1812
1812
1813
1813
1813
1814
1814
1814
1815
1815
1815
1816
1816
1816
1817
1817
1817
1818
1818
1818
1819
1819
1819
1820
1820
1820
1821
1821
1821
1822
1822
1822
1823
1823
1823
1824
1824
1824
1825
1825
1825
1826
1826
1826
1827
1827
1827
1828
1828
1828
1829
1829
1829
1830
1830
1830
1831
1831
1831
1832
1832
1832
1833
1833
1833
1834
1834
1834
1835
1835
1835
1836
1836
1836
1837
1837
1837
1838
1838
1838
1839
1839
1839
1840
1840
1840
1841
1841
1841
1842
1842
1842
1843
1843
1843
1844
1844
1844
1845
1845
1845
1846
1846
1846
1847
1847
1847
1848
1848
1848
1849
1849
1849
1850
1850
1850
1851
1851
1851
1852
1852
1852
1853
1853
1853
1854
1854
1854
1855
1855
1855
1856
1856
1856
1857
1857
1857
1858
1858
1858
1859
1859
1859
1860
1860
1860
1861
1861
1861
1862
1862
1862
1863
1863
1863
1864
1864
1864
1865
1865
1865
1866
1866
1866
1867
1867
1867
1868
1868
1868
1869
1869
1869
1870
1870
1870
1871
1871
1871
1872
1872
1872
1873
1873
1873
1874
1874
1874
1875
1875
1875
1876
1876
1876
1877
1877
1877
1878
1878
1878
1879
1879
1879
1880
1880
1880
1881
1881
1881
1882
1882
1882
1883
1883
1883
1884
1884
1884
1885
1885
1885
1886
1886
1886
1887
1887
1887
1888
1888
1888
1889
1889
1889
1890
1890
1890
1891
1891
1891
1892
1892
1892
1893
1893
1893
1894
1894
1894
1895
1895
1895
1896
1896
1896
1897
1897
1897
1898
1898
1898
1899
1899
1899
1900
1900
1900
1901
1901
1901
1902
1902
1902
1903
1903
1903
1904
1904
1904
1905
1905
1905
1906
1906
1906
1907
1907
1907
1908
1908
1908
1909
1909
1909
1910
1910
1910
1911
1911
1911
1912
1912
1912
1913
1913
1913
1914
1914
1914
1915
1915
1915
1916
1916
1916
1917
1917
1917
1918
1918
1918
1919
1919
1919
1920
1920
1920
1921
1921
1921
1922
1922
1922
1923
1923
1923
1924
1924
1924
1925
1925
1925
1926
1926
1926
1927
1927
1927
1928
1928
1928
1929
1929
1929
1930
1930
1930
1931
1931
1931
1932
1932
1932
1933
1933
1933
1934
1934
1934
1935
1935
1935
1936
1936
1936
1937
1937
1937
1938
1938
1938
1939
1939
1939
1940
1940
1940
1941
1941
1941
1942
1942
1942
1943
1943
1943
1944
1944
1944
1945
1945
1945
1946
1946
1946
1947
1947
1947
1948
1948
1948
1949
1949
1949
1950
1950
1950
1951
1951
1951
1952
1952
1952
1953
1953
1953
1954
1954
1954
1955
1955
1955
1956
1956
1956
1957
1957
1957
1958
1958
1958
1959
1959
1959
1960
1960
1960
1961
1961
1961
1962
1962
1962
1963
1963
1963
1964
1964
1964
1965
1965
1965
1966
1966
1966
1967
1967
1967
1968
1968
1968
1969
1969
1969
1970
1970
1970
1971
1971
1971
1972
1972
1972
1973
1973
1973
1974
1974
1974
1975
1975
1975
1976
1976
1976
1977
1977
1977
1978
1978
1978
1979
1979
1979
1980
1980
1980
1981
1981
1981
1982
1982
1982
1983
1983
1983
1984
1984
1984
1985
1985
1985
1986
1986
1986
1987
1987
1987
1988
1988
1988
1989
1989
1989
1990
1990
1990
1991
1991
1991
1992
1992
1992
1993
1993
1993
1994
1994
1994
1995
1995
1995
1996
1996
1996
1997
1997
1997
1998
1998
1998
1999
1999
1999
2000
2000
2000
2001
2001
2001
2002
2002
2002
2003
2003
2003
2004
2004
2004
2005
2005
2005
2006
2006
2006
2007
2007
2007
2008
2008
2008
2009
2009
2009
2010
2010
2010
2011
2011
2011
2012
2012
2012
2013
2013
2013
2014
2014
2014
2015
2015
2015
2016
2016
2016
2017
2017
2017
2018
2018
2018
2019
2019
2019
2020
2020
2020
2021
2021
2021
2022
2022
2022
2023
2023
2023
2024
2024
2024
2025
2025
2025
2026
2026
2026
2027
2027
2027
2028
2028
2028
2029
2029
2029
2030
2030
2030
2031
2031
2031
2032
2032
2032
2033
2033
2033
2034
2034
2034
2035
2035
2035
2036
2036
2036
2037
2037
2037
2038
2038
2038
2039
2039
2039
2040
2040
2040
2041
2041
2041
2042
2042
2042
2043
2043
2043
2044
2044
2044
2045
2045
2045
2046
2046
2046
2047
2047
2047
2048
2048
2048
2049
2049
2049
2050
2050
2050
2051
2051
2051
2052
2052
2052
2053
2053
2053
2054
2054
2054
2055
2055
2055
2056
2056
2056
2057
2057
2057
2058
2058
2058
2059
2059
2059
2060
2060
2060
2061
2061
2061
2062
2062
2062
2063
2063
2063
2064
2064
2064
2065
2065
2065
2066
2066
2066
2067
2067
2067
2068
2068
2068
2069
2069
2069
2070
2070
2070
2071
2071
2071
2072
2072
2072
2073
2073
2073
2074
2074
2074
2075
2075
2075
2076
2076
2076
2077
2077
2077
2078
2078
2078
2079
2079
2079
2080
2080
2080
2081
2081
2081
2082
2082
2082
2083
2083
2083
2084
2084
2084
2085
2085
2085
2086
2086
2086
2087
2087
2087
2088
2088
2088
2089
2089
2089
2090
2090
2090
2091
2091
2091
2092
2092
2092
2093
2093
2093
2094
2094
2094
2095
2095
2095
2096
2096
2096
2097
2097
2097
2098
2098
2098
2099
2099
2099
2100
2100
2100
2101
2101
2101
2102
2102
2102
2103
2103
2103
2104
2104
2104
2105
2105
2105
2106
2106
2106
2107
2107
2107
2108
2108
2108
2109
2109
2109
2110
2110
2110
2111
2111
2111
2112
2112
2112
2113
2113
2113
2114
2114
2114
2115
2115
2115
2116
2116
2116
2117
2117
2117
2118
2118
2118
2119
2119
2119
2120
2120
2120
2121
2121
2121
2122
2122
2122
2123
2123
2123
2124
2124
2124
2125
2125
2125
2126
2126
2126
2127
2127
2127
2128
2128
2128
2129
2129
2129
2130
2130
2130
2131
2131
2131
2132
2132
2132
2133
2133
2133
2134
2134
2134
2135
2135
2135
2136
2136
2136
2137
2137
2137
2138
2138
2138
2139
2139
2139
2140
2140
2140
2141
2141
2141
2142
2142
2142
2143
2143
2143
2144
2144
2144
2145
2145
2145
2146
2146
2146
2147
2147
2147
2148
2148
2148
2149
2149
2149
2150
2150
2150
2151
2151
2151
2152
2152
2152
2153
2153
2153
2154
2154
2154
2155
2155
2155
2156
2156
2156
2157
2157
2157
2158
2158
2158
2159
2159
2159
2160
2160
2160
2161
2161
2161
2162
2162
2162
2163
2163
2163
2164
2164
2164
2165
2165
2165
2166
2166
2166
2167
2167
2167
2168
2168
2168
2169
2169
2169
2170
2170
2170
2171
2171
2171
2172
2172
2172
2173
2173
2173
2174
2174
2174
2175
2175
2175
2176
2176
2176
2177
2177
2177
2178
2178
2178
2179
2179
2179
2180
2180
2180
2181
2181
2181
2182
2182
2182
2183
2183
2183
2184
2184
2184
2185
2185
2185
2186
2186
2186
2187
2187
2187
2188
2188
2188
2189
2189
2189
2190
2190
2190
2191
2191
2191
2192
2192
2192
2193
2193
2193
2194
2194
2194
2195
2195
2195
2196
2196
2196
2197
2197
2197
2198
2198
2198
2199
2199
2199
2200
2200
2200
2201
2201
2201
2202
2202
2202
2203
2203
2203
2204
2204
2204
2205
2205
2205
2206
2206
2206
2207
2207
2207
2208
2208
2208
2209
2209
2209
2210
2210
2210
2211
2211
2211
2212
2212
2212
2213
2213
2213
2214
2214
2214
2215
2215
2215
2216
2216
2216
2217
2217
2217
2218
2218
2218
2219
2219
2219
2220
2220
2220
2221
2221
2221
2222
2222
2222
2223
2223
2223
2224
2224
2224
2225
2225
2225
2226
2226
2226
2227
2227
2227
2228
2228
2228
2229
2229
2229
2230
2230
2230
2231
2231
2231
2232
2232
2232
2233
2233
2233
2234
2234
2234
2235
2235
2235
2236
2236
2236
2237
2237
2237
2238
2238
2238
2239
2239
2239
2240
2240
2240
2241
2241
2241
2242
2242
2242
2243
2243
2243
2244
2244
2244
2245
2245
2245
2246
2246
2246
2247
2247
2247
2248
2248
2248
2249
2249
2249
2250
2250
2250
2251
2251
2251
2252
2252
2252
2253
2253
2253
2254
2254
2254
2255
2255
2255
2256
2256
2256
2257
2257
2257
2258
2258
2258
2259
2259
2259
2260
2260
2260
2261
2261
2261
2262
2262
2262
2263
2263
2263
2264
2264
2264
2265
2265
2265
2266
2266
2266
2267
2267
2267
2268
2268
2268
2269
2269
2269
2270
2270
2270
2271
2271
2271
2272
2272
2272
2273
2273
2273
2274
2274
2274
2275
2275
2275
2276
2276
2276
2277
2277
2277
2278
2278
2278
2279
2279
2279
2280
2280
2280
2281
2281
2281
2282
2282
2282
2283
2283
2283
2284
2284
2284
2285
2285
2285
2286
2286
2286
2287
2287
2287
2288
2288
2288
2289
2289
2289
2290
2290
2290
2291
2291
2291
2292
2292
2292
2293
2293
2293
2294
2294
2294
2295
2295
2295
2296
2296
2296
2297
2297
2297
2298
2298
2298
2299
2299
2299
2300
2300
2300
2301
2301
2301
2302
2302
2302
2303
2303
2303
2304
2304
2304
2305
2305
2305
2306
2306
2306
2307
2307
2307
2308
2308
2308
2309
2309
2309
2310
2310
2310
2311
2311
2311
2312
2312
2312
2313
2313
2313
2314
2314
2314
2315
2315
2315
2316
2316
2316
2317
2317
2317
2318
2318
2318
2319
2319
2319
2320
2320
2320
2321
2321
2321
2322
2322
2322
2323
2323
2323
2324
2324
2324
2325
2325
2325
2326
2326
2326
2327
2327
2327
2328
2328
2328
2329
2329
2329
2330
2330
2330
2331
2331
2331
2332
2332
2332
2333
2333
2333
2334
2334
2334
2335
2335
2335
2336
2336
2336
2337
2337
2337
2338
2338
2338
2339
2339
2339
2340
2340
2340
2341
2341
2341
2342
2342
2342
2343
2343
2343
2344
2344
2344
2345
2345
2345
2346
2346
2346
2347
2347
2347
2348
2348
2348
2349
2349
2349
2350
2350
2350
2351
2351
2351
2352
2352
2352
2353
2353
2353
2354
2354
2354
2355
2355
2355
2356
2356
2356
2357
2357
2357
2358
2358
2358
2359
2359
2359
2360
2360
2360
2361
2361
2361
2362
2362
2362
2363
2363
2363
2364
2364
2364
2365
2365
2365
2366
2366
2366
2367
2367
2367
2368
2368
2368
2369
2369
2369
2370
2370
2370
2371
2371
2371
2372
2372
2372
2373
2373
2373
2374
2374
2374
2375
2375
2375
2376
2376
2376
2377
2377
2377
2378
2378
2378
2379
2379
2379
2380
2380
2380
2381
2381
2381
2382
2382
2382
2383
2383
2383
2384
2384
2384
2385
2385
2385
2386
2386
2386
2387
2387
2387
2388
2388
2388
2389
2389
2389
2390
2390
2390
2391
2391
2391
2392
2392
2392
2393
2393
2393
2394
2394
2394
2395
2395
2395
2396
2396
2396
2397
2397
2397
2398
2398
2398
2399
2399
2399
2400
2400
2400
2401
2401
2401
2402
2402
2402
2403
2403
2403
2404
2404
2404
2405
2405
2405
2406
2406
2406
2407
2407
2407
2408
2408
2408
2409
2409
2409
2410
2410
2410
2411
2411
2411
2412
2412
2412
2413
2413
2413
2414
2414
2414
2415
2415
2415
2416
2416
2416
2417
2417
2417
2418
2418
2418
2419
2419
2419
2420
2420
2420
2421
2421
2421
2422
2422
2422
2423
2423
2423
2424
2424
2424
2425
2425
2425
2426
2426
2426
2427
2427
2427
2428
2428
2428
2429
2429
2429
2430
2430
2430
2431
2431
2431
2432
2432
2432
2433
2433
2433
2434
2434
2434
2435
2435
2435
2436
2436
2436
2437
2437
2437
2438
2438
2438
2439
2439
2439
2440
2440
2440
2441
2441
2441
2442
2442
2442
2443
2443
2443
2444
2444
2444
2445
2445
2445
2446
2446
2446
2447
2447
2447
2448
2448
2448
2449
2449
2449
2450
2450
2450
2451
2451
2451
2452
2452
2452
2453
2453
2453
2454
2454
2454
2455
2455
2455
2456
2456
2456
2457
2457
2457
2458
2458
2458
2459
2459
2459
2460
2460
2460
2461
2461
2461
2462
2462
2462
2463
2463
2463
2464
2464
2464
2465
2465
2465
2466
2466
2466
2467
2467
2467
2468
2468
2468
2469
2469
2469
2470
2470
2470
2471
2471
2471
2472
2472
2472
2473
2473
2473
2474
2474
2474
2475
2475
2475
2476
2476
2476
2477
2477
2477
2478
2478
2478
2479
2479
2479
2480
2480
2480
2481
2481
2481
2482
2482
2482
2483
2483
2483
2484
2484
2484
2485
2485
2485
2486
2486
2486
2487
2487
2487
2488
2488
2488
2489
2489
2489
2490
2490
2490
2491
2491
2491
2492
2492
2492
2493
2493
2493
2494
2494
2494
2495
2495
2495
2496
2496
2496
2497
2497
2497
2498
2498
2498
2499
2499
2499
2500
2500
2500
2501
2501
2501
2502
2502
2502
2503
2503
2503
2504
2504
2504
2505
2505
2505
2506
2506
2506
2507
2507
2507
2508
2508
2508
2509
2509
2509
2510
2510
2510
2511
2511
2511
2512
2512
2512
2513
2513
2513
2514
2514
2514
2515
2515
2515
2516
2516
2516
2517
2517
2517
2518
2518
2518
2519
2519
2519
2520
2520
2520
2521
2521
2521
2522
2522
2522
2523
2523
2523
2524
2524
2524
2525
2525
2525
2526
2526
2526
2527
2527
2527
2528
2528
2528
2529
2529
2529
2530
2530
2530
2531
2531
2531
2532
2532
2532
2533
2533
2533
2534
2534
2534
2535
2535
2535
2536
2536
2536
2537
2537
2537
2538
2538
2538
2539
2539
2539
2540
2540
2540
2541
2541
2541
2542
2542
2542
2543
2543
2543
2544
2544
2544
2545
2545
2545
2546
2546
2546
2547
2547
2547
2548
2548
2548
2549
2549
2549
2550
2550
2550
2551
2551
2551
2552
2552
2552
2553
2553
2553
2554
2554
2554
2555
2555
2555
2556
2556
2556
2557
2557
2557
2558
2558
2558
2559
2559
2559
2560
2560
2560
2561
2561
2561
2562
2562
2562
2563
2563
2563
2564
2564
2564
2565
2565
2565
2566
2566
2566
2567
2567
2567
2568
2568
2568
2569
2569
2569
2570
2570
2570
2571
2571
2571
2572
2572
2572
2573
2573
2573
2574
2574
2574
2575
2575
2575
2576
2576
2576
2577
2577
2577
2578
2578
2578
2579
2579
2579
2580
2580
2580
2581
2581
2581
2582
2582
2582
2583
2583
2583
2584
2584
2584
2585
2585
2585
2586
2586
2586
2587
2587
2587
2588
2588
2588
2589
2589
2589
2590
2590
2590
2591
2591
2591
2592
2592
2592
2593
2593
2593
2594
2594
2594
2595
2595
2595
2596
2596
2596
2597
2597
2597
2598
2598
2598
2599
2599
2599
2600
2600
2600
2601
2601
2601
2602
2602
2602
2603
2603
2603
2604
2604
2604
2605
2605
2605
2606
2606
2606
2607
2607
2607
2608
2608
2608
2609
2609
2609
2610
2610
2610
2611
2611
2611
2612
2612
2612
2613
2613
2613
2614
2614
2614
2615
2615
2615
2616
2616
2616
2617
2617
2617
2618
2618
2618
2619
2619
2619
2620
2620
2620
2621
2621
2621
2622
2622
2622
2623
2623
2623
2624
2624
2624
2625
2625
2625
2626
2626
2626
2627
2627
2627
2628
2628
2628
2629
2629
2629
2630
2630
2630
2631
2631
2631
2632
2632
2632
2633
2633
2633
2634
2634
2634
2635
2635
2635
2636
2636
2636
2637
2637
2637
2638
2638
2638
2639
2639
2639
2640
2640
2640
2641
2641
2641
2642
2642
2642
2643
2643
2643
2644
2644
2644
2645
2645
2645
2646
2646
2646
2647
2647
2647
2648
2648
2648
2649
2649
2649
2650
2650
2650
2651
2651
2651
2652
2652
2652
2653
2653
2653
2654
2654
2654
2655
2655
2655
2656
2656
2656
2657
2657
2657
2658
2658
2658
2659
2659
2659
2660
2660
2660
2661
2661
2661
2662
2662
2662
2663
2663
2663
2664
2664
2664
2665
2665
2665
2666
2666
2666
2667
2667
2667
2668
2668
2668
2669
2669
2669
2670
2670
2670
2671
2671
2671
2672
2672
2672
2673
2673
2673
2674
2674
2674
2675
2675
2675
2676
2676
2676
2677
2677
2677
2678
2678
2678
2679
2679
2679
2680
2680
2680
2681
2681
2681
2682
2682
2682
2683
2683
2683
2684
2684
2684
2685
2685
2685
2686
2686
2686
2687
2687
2687
2688
2688
2688
2689
2689
2689
2690
2690
2690
2691
2691
2691
2692
2692
2692
2693
2693
2693
2694
2694
2694
2695
2695
2695
2696
2696
2696
2697
2697
2697
2698
2698
2698
2699
2699
2699
2700
2700
2700
2701
2701
2701
2702
2702
2702
2703
2703
2703
2704
2704
2704
2705
2705
2705
2706
2706
2706
2707
2707
2707
2708
2708
2708
2709
2709
2709
2710
2710
2710
2711
2711
2711
2712
2712
2712
2713
2713
2713
2714
2714
2714
2715
2715
2715
2716
2716
2716
2717
2717
2717
2718
2718
2718
2719
2719
2719
2720
2720
2720
2721
2721
2721
2722
2722
2722
2723
2723
2723
2724
2724
2724
2725
2725
2725
2726
2726
2726
2727
2727
2727
2728
2728
2728
2729
2729
2729
2730
2730
2730
2731
2731
2731
2732
2732
2732
2733
2733
2733
2734
2734
2734
2735
2735
2735
2736
2736
2736
2737
2737
2737
2738
2738
2738
2739
2739
2739
2740
2740
2740
2741
2741
2741
2742
2742
2742
2743
2743
2743
2744
2744
2744
2745
2745
2745
2746
2746
2746
2747
2747
2747
2748
2748
2748
2749
2749
2749
2750
2750
2750
2751
2751
2751
2752
2752
2752
2753
2753
2753
2754
2754
2754
2755
2755
2755
2756
2756
2756
2757
2757
2757
2758
2758
2758
2759
2759
2759
2760
2760
2760
2761
2761
2761
2762
2762
2762
2763
2763
2763
2764
2764
2764
2765
2765
2765
2766
2766
2766
2767
2767
2767
2768
2768
2768
2769
2769
2769
2770
2770
2770
2771
2771
2771
2772
2772
2772
2773
2773
2773
2774
2774
2774
2775
2775
2775
2776
2776
2776
2777
2777
2777
2778
2778
2778
2779
2779
2779
2780
2780
2780
2781
2781
2781
2782
2782
2782
2783
2783
2783
2784
2784
2784
2785
2785
2785
2786
2786
2786
2787
2787
2787
2788
2788
2788
2789
2789
2789
2790
2790
2790
2791
2791
2791
2792
2792
2792
2793
2793
2793
2794
2794
2794
2795
2795
2795
2796
2796
2796
2797
2797
2797
2798
2798
2798
2799
2799
2799
2800
2800
2800
2801
2801
2801
2802
2802
2802
2803
2803
2803
2804
2804
2804
2805
2805
2805
2806
2806
2806
2807
2807
2807
2808
2808
2808
2809
2809
2809
2810
2810
2810
2811
2811
2811
2812
2812
2812
2813
2813
2813
2814
2814
2814
2815
2815
2815
2816
2816
2816
2817
2817
2817
2818
2818
2818
2819
2819
2819
2820
2820
2820
2821
2821
2821
2822
2822
2822
2823
2823
2823
2824
2824
2824
2825
2825
2825
2826
2826
2826
2827
2827
2827
2828
2828
2828
2829
2829
2829
2830
2830
2830
2831
2831
2831
2832
2832
2832
2833
2833
2833
2834
2834
2834
2835
2835
2835
2836
2836
2836
2837
2837
2837
2838
2838
2838
2839
2839
2839
2840
2840
2840
2841
2841
2841
2842
2842
2842
2843
2843
2843
2844
2844
2844
2845
2845
2845
2846
2846
2846
2847
2847
2847
2848
2848
2848
2849
2849
2849
2850
2850
2850
2851
2851
2851
2852
2852
2852
2853
2853
2853
2854
2854
2854
2855
2855
2855
2856
2856
2856
2857
2857
2857
2858
2858
2858
2859
2859
2859
2860
2860
2860
2861
2861
2861
2862
2862
2862
2863
2863
2863
2864
2864
2864
2865
2865
2865
2866
2866
2866
2867
2867
2867
2868
2868
2868
2869
2869
2869
2870
2870
2870
2871
2871
2871
2872
2872
2872
2873
2873
2873
2874
2874
2874
2875
2875
2875
2876
2876
2876
2877
2877
2877
2878
2878
2878
2879
2879
2879
2880
2880
2880
2881
2881
2881
2882
2882
2882
2883
2883
2883
2884
2884
2884
2885
2885
2885
2886
2886
2886
2887
2887
2887
2888
2888
2888
2889
2889
2889
2890
2890
2890
2891
2891
2891
2892
2892
2892
2893
2893
2893
2894
2894
2894
2895
2895
2895
2896
2896
2896
2897
2897
2897
2898
2898
2898
2899
2899
2899
2900
2900
2900
2901
2901
2901
2902
2902
2902
2903
2903
2903
2904
2904
2904
2905
2905
2905
2906
2906
2906
2907
2907
2907
2908
2908
2908
2909
2909
2909
2910
2910
2910
2911
2911
2911
2912
2912
2912
2913
2913
2913
2914
2914
2914
2915
2915
2915
2916
2916
2916
2917
2917
2917
2918
2918
2918
2919
2919
2919
2920
2920
2920
2921
2921
2921
2922
2922
2922
2923
2923
2923
2924
2924
2924
2925
2925
2925
2926
2926
2926
2927
2927
2927
2928
2928
2928
2929
2929
2929
2930
2930
2930
2931
2931
2931
2932
2932
2932
2933
2933
2933
2934
2934
2934
2935
2935
2935
2936
2936
2936
2937
2937
2937
2938
2938
2938
2939
2939
2939
2940
2940
2940
2941
2941
2941
2942
2942
2942
2943
2943
2943
2944
2944
2944
2945
2945
2945
2946
2946
2946
2947
2947
2947
2948
2948
2948
2949
2949
2949
2950
2950
2950
2951
2951
2951
2952
2952
2952
2953
2953
2953
2954
2954
2954
2955
2955
2955
2956
2956
2956
2957
2957
2957
2958
2958
2958
2959
2959
2959
2960
2960
2960
2961
2961
2961
2962
2962
2962
2963
2963
2963
2964
2964
2964
2965
2965
2965
2966
2966
2966
2967
2967
2967
2968
2968
2968
2969
2969
2969
2970
2970
2970
2971
2971
2971
2972
2972
2972
2973
2973
2973
2974
2974
2974
2975
2975
2975
2976
2976
2976
2977
2977
2977
2978
2978
2978
2979
2979
2979
2980
2980
2980
2981
2981
2981
2982
2982
2982
2983
2983
2983
2984
2984
2984
2985
2985
2985
2986
2986
2986
2987
2987
2987
2988
2988
2988
2989
2989
2989
2990
2990
2990
2991
2991
2991
2992
2992
2992
2993
2993
2993
2994
2994
2994
2995
2995
2995
2996
2996
2996
2997
2997
2997
2998
2998
2998
2999
2999
2999
3000
3000
3000
3001
3001
3001
3002
3002
3002
3003
3003
3003
3004
3004
3004
3005
3005
3005
3006
3006
3006
3007
3007
3007
3008
3008
3008
3009
3009
3009
3010
3010
3010
3011
3011
3011
3012
3012
3012
3013
3013
3013
3014
3014
3014
3015
3015
3015
3016
3016
3016
3017
3017
3017
3018
3018
3018
3019
3019
3019
3020
3020
3020
3021
3021
3021
3022
3022
3022
3023
3023
3023
3024
3024
3024
3025
3025
3025
3026
3026
3026
3027
3027
3027
3028
3028
3028
3029
3029
3029
3030
3030
3030
3031
3031
3031
3032
3032
3032
3033
3033
3033
3034
3034
3034
3035
3035
3035
3036
3036
3036
3037
3037
3037
3038
3038
3038
3039
3039
3039
3040
3040
3040
3041
3041
3041
3042
3042
3042
3043
3043
3043
3044
3044
3044
3045
3045
3045
3046
3046
3046
3047
3047
3047
3048
3048
3048
3049
3049
3049
3050
3050
3050
3051
3051
3051
3052
3052
3052
3053
3053
3053
3054
3054
3054
3055
3055
3055
3056
3056
3056
3057
3057
3057
3058
3058
3058
3059
3059
3059
3060
3060
3060
3061
3061
3061
3062
3062
3062
3063
3063
3063
3064
3064
3064
3065
3065
3065
3066
3066
3066
3067
3067
3067
3068
3068
3068
3069
3069
3069
3070
3070
3070
3071
3071
3071
3072
3072
3072
3073
3073
3073
3074
3074
3074
3075
3075
3075
3076
3076
3076
3077
3077
3077
3078
3078
3078
3079
3079
3079
3080
3080
3080
3081
3081
3081
3082
3082
3082
3083
3083
3083
3084
3084
3084
3085
3085
3085
3086
3086
3086
3087
3087
3087
3088
3088
3088
3089
3089
3089
3090
3090
3090
3091
3091
3091
3092
3092
3092
3093
3093
3093
3094
3094
3094
3095
3095
3095
3096
3096
3096
3097
3097
3097
3098
3098
3098
3099
3099
3099
3100
3100
3100
3101
3101
3101
3102
3102
3102
3103
3103
3103
3104
3104
3104
3105
3105
3105
3106
3106
3106
3107
3107
3107
3108
3108
3108
3109
3109
3109
3110
3110
3110
3111
3111
3111
3112
3112
3112
3113
3113
3113
3114
3114
3114
3115
3115
3115
3116
3116
3116
3117
3117
3117
3118
3118
3118
3119
3119
3119
3120
3120
3120
3121
3121
3121
3122
3122
3122
3123
3123
3123
3124
3124
3124
3125
3125
3125
3126
3126
3126
3127
3127
3127
3128
3128
3128
3129
3129
3129
3130
3130
3130
3131
3131
3131
3132
3132
3132
3133
3133
3133
3134
3134
3134
3135
3135
3135
3136
3136
3136
3137
3137
3137
3138
3138
3138
3139
3139
3139
3140
3140
3140
3141
3141
3141
3142
3142
3142
3143
3143
3143
3144
3144
3144
3145
3145
3145
3146
3146
3146
3147
3147
3147
3148
3148
3148
3149
3149
3149
3150
3150
3150
3151
3151
3151
3152
3152
3152
3153
3153
3153
3154
3154
3154
3155
3155
3155
3156
3156
3156
3157
3157
3157
3158
3158
3158
3159
3159
3159
3160
3160
3160
3161
3161
3161
3162
3162
3162
3163
3163
3163
3164
3164
3164
3165
3165
3165
3166
3166
3166
3167
3167
3167
3168
3168
3168
3169
3169
3169
3170
3170
3170
3171
3171
3171
3172
3172
3172
3173
3173
3173
3174
3174
3174
3175
3175
3175
3176
3176
3176
3177
3177
3177
3178
3178
3178
3179
3179
3179
3180
3180
3180
3181
3181
3181
3182
3182
3182
3183
3183
3183
3184
3184
3184
3185
3185
3185
3186
3186
3186
3187
3187
3187
3188
3188
3188
3189
3189
3189
3190
3190
3190
3191
3191
3191
3192
3192
3192
3193
3193
3193
3194
3194
3194
3195
3195
3195
3196
3196
3196
3197
3197
3197
3198
3198
3198
3199
3199
3199
3200
3200
3200
3201
3201
3201
3202
3202
3202
3203
3203
3203
3204
3204
3204
3205
3205
3205
3206
3206
3206
3207
3207
3207
3208
3208
3208
3209
3209
3209
3210
3210
3210
3211
3211
3211
3212
3212
3212
3213
3213
3213
3214
3214
3214
3215
3215
3215
3216
3216
3216
3217
3217
3217
3218
3218
3218
3219
3219
3219
3220
3220
3220
3221
3221
3221
3222
3222
3222
3223
3223
3223
3224
3224
3224
3225
3225
3225
3226
3226
3226
3227
3227
3227
3228
3228
3228
3229
3229
3229
3230
3230
3230
3231
3231
3231
3232
3232
3232
3233
3233
3233
3234
3234
3234
3235
3235
3235
3236
3236
3236
3237
3237
3237
3238
3238
3238
3239
3239
3239
3240
3240
3240
3241
3241
3241
3242
3242
3242
3243
3243
3243
3244
3244
3244
3245
3245
3245
3246
3246
3246
3247
3247
3247
3248
3248
3248
3249
3249
3249
3250
3250
3250
3251
3251
3251
3252
3252
3252
3253
3253
3253
3254
3254
3254
3255
3255
3255
3256
3256
3256
3257
3257
3257
3258
3258
3258
3259
3259
3259
3260
3260
3260
3261
3261
3261
3262
3262
3262
3263
3263
3263
3264
3264
3264
3265
3265
3265
3266
3266
3266
3267
3267
3267
3268
3268
3268
3269
3269
3269
3270
3270
3270
3271
3271
3271
3272
3272
3272
3273
3273
3273
3274
3274
3274
3275
3275
3275
3276
3276
3276
3277
3277
3277
3278
3278
3278
3279
3279
3279
3280
3280
3280
3281
3281
3281
3282
3282
3282
3283
3283
3283
3284
3284
3284
3285
3285
3285
3286
3286
3286
3287
3287
3287
3288
3288
3288
3289
3289
3289
3290
3290
3290
3291
3291
3291
3292
3292
3292
3293
3293
3293
3294
3294
3294
3295
3295
3295
3296
3296
3296
3297
3297
3297
3298
3298
3298
3299
3299
3299
3300
3300
3300
3301
3301
3301
3302
3302
3302
3303
3303
3303
3304
3304
3304
3305
3305
3305
3306
3306
3306
3307
3307
3307
3308
3308
3308
3309
3309
3309
3310
3310
3310
3311
3311
3311
3312
3312
3312
3313
3313
3313
3314
3314
3314
3315
3315
3315
3316
3316
3316
3317
3317
3317
3318
3318
3318
3319
3319
3319
3320
3320
3320
3321
3321
3321
3322
3322
3322
3323
3323
3323
3324
3324
3324
3325
3325
3325
3326
3326
3326
3327
3327
3327
3328
3328
3328
3329
3329
3329
3330
3330
3330
3331
3331
3331
3332
3332
