1000
1 2 3 4 996 997 998 999
0 2 3 4 5 997 998 999
0 1 3 4 5 6 998 999
0 1 2 4 5 6 7 999
0 1 2 3 5 6 7 8
1 2 3 4 6 7 8 9
2 3 4 5 7 8 9 10
3 4 5 6 8 9 10 11
4 5 6 7 9 10 11 12
5 6 7 8 10 11 12 13
6 7 8 9 11 12 13 14
7 8 9 10 12 13 14 15
8 9 10 11 13 14 15 16
9 10 11 12 14 15 16 17
10 11 12 13 15 16 17 18
11 12 13 14 16 17 18 19
12 13 14 15 17 18 19 20
13 14 15 16 18 19 20 21
14 15 16 17 19 20 21 22
15 16 17 18 20 21 22 23
16 17 18 19 21 22 23 24
17 18 19 20 22 23 24 25
18 19 20 21 23 24 25 26
19 20 21 22 24 25 26 27
20 21 22 23 25 26 27 28
21 22 23 24 26 27 28 29
22 23 24 25 27 28 29 30
23 24 25 26 28 29 30 31
24 25 26 27 29 30 31 32
25 26 27 28 30 31 32 33
26 27 28 29 31 32 33 34
27 28 29 30 32 33 34 35
28 29 30 31 33 34 35 36
29 30 31 32 34 35 36 37
30 31 32 33 35 36 37 38
31 32 33 34 36 37 38 39
32 33 34 35 37 38 39 40
33 34 35 36 38 39 40 41
34 35 36 37 39 40 41 42
35 36 37 38 40 41 42 43
36 37 38 39 41 42 43 44
37 38 39 40 42 43 44 45
38 39 40 41 43 44 45 46
39 40 41 42 44 45 46 47
40 41 42 43 45 46 47 48
41 42 43 44 46 47 48 49
42 43 44 45 47 48 49 50
43 44 45 46 48 49 50 51
44 45 46 47 49 50 51 52
45 46 47 48 50 51 52 53
46 47 48 49 51 52 53 54
47 48 49 50 52 53 54 55
48 49 50 51 53 54 55 56
49 50 51 52 54 55 56 57
50 51 52 53 55 56 57 58
51 52 53 54 56 57 58 59
52 53 54 55 57 58 59 60
53 54 55 56 58 59 60 61
54 55 56 57 59 60 61 62
55 56 57 58 60 61 62 63
56 57 58 59 61 62 63 64
57 58 59 60 62 63 64 65
58 59 60 61 63 64 65 66
59 60 61 62 64 65 66 67
60 61 62 63 65 66 67 68
61 62 63 64 66 67 68 69
62 63 64 65 67 68 69 70
63 64 65 66 68 69 70 71
64 65 66 67 69 70 71 72
65 66 67 68 70 71 72 73
66 67 68 69 71 72 73 74
67 68 69 70 72 73 74 75
68 69 70 71 73 74 75 76
69 70 71 72 74 75 76 77
70 71 72 73 75 76 77 78
71 72 73 74 76 77 78 79
72 73 74 75 77 78 79 80
73 74 75 76 78 79 80 81
74 75 76 77 79 80 81 82
75 76 77 78 80 81 82 83
76 77 78 79 81 82 83 84
77 78 79 80 82 83 84 85
78 79 80 81 83 84 85 86
79 80 81 82 84 85 86 87
80 81 82 83 85 86 87 88
81 82 83 84 86 87 88 89
82 83 84 85 87 88 89 90
83 84 85 86 88 89 90 91
84 85 86 87 89 90 91 92
85 86 87 88 90 91 92 93
86 87 88 89 91 92 93 94
87 88 89 90 92 93 94 95
88 89 90 91 93 94 95 96
89 90 91 92 94 95 96 97
90 91 92 93 95 96 97 98
91 92 93 94 96 97 98 99
92 93 94 95 97 98 99 100
93 94 95 96 98 99 100 101
94 95 96 97 99 100 101 102
95 96 97 98 100 101 102 103
96 97 98 99 101 102 103 104
97 98 99 100 102 103 104 105
98 99 100 101 103 104 105 106
99 100 101 102 104 105 106 107
100 101 102 103 105 106 107 108
101 102 103 104 106 107 108 109
102 103 104 105 107 108 109 110
103 104 105 106 108 109 110 111
104 105 106 107 109 110 111 112
105 106 107 108 110 111 112 113
106 107 108 109 111 112 113 114
107 108 109 110 112 113 114 115
108 109 110 111 113 114 115 116
109 110 111 112 114 115 116 117
110 111 112 113 115 116 117 118
111 112 113 114 116 117 118 119
112 113 114 115 117 118 119 120
113 114 115 116 118 119 120 121
114 115 116 117 119 120 121 122
115 116 117 118 120 121 122 123
116 117 118 119 121 122 123 124
117 118 119 120 122 123 124 125
118 119 120 121 123 124 125 126
119 120 121 122 124 125 126 127
120 121 122 123 125 126 127 128
121 122 123 124 126 127 128 129
122 123 124 125 127 128 129 130
123 124 125 126 128 129 130 131
124 125 126 127 129 130 131 132
125 126 127 128 130 131 132 133
126 127 128 129 131 132 133 134
127 128 129 130 132 133 134 135
128 129 130 131 133 134 135 136
129 130 131 132 134 135 136 137
130 131 132 133 135 136 137 138
131 132 133 134 136 137 138 139
132 133 134 135 137 138 139 140
133 134 135 136 138 139 140 141
134 135 136 137 139 140 141 142
135 136 137 138 140 141 142 143
136 137 138 139 141 142 143 144
137 138 139 140 142 143 144 145
138 139 140 141 143 144 145 146
139 140 141 142 144 145 146 147
140 141 142 143 145 146 147 148
141 142 143 144 146 147 148 149
142 143 144 145 147 148 149 150
143 144 145 146 148 149 150 151
144 145 146 147 149 150 151 152
145 146 147 148 150 151 152 153
146 147 148 149 151 152 153 154
147 148 149 150 152 153 154 155
148 149 150 151 153 154 155 156
149 150 151 152 154 155 156 157
150 151 152 153 155 156 157 158
151 152 153 154 156 157 158 159
152 153 154 155 157 158 159 160
153 154 155 156 158 159 160 161
154 155 156 157 159 160 161 162
155 156 157 158 160 161 162 163
156 157 158 159 161 162 163 164
157 158 159 160 162 163 164 165
158 159 160 161 163 164 165 166
159 160 161 162 164 165 166 167
160 161 162 163 165 166 167 168
161 162 163 164 166 167 168 169
162 163 164 165 167 168 169 170
163 164 165 166 168 169 170 171
164 165 166 167 169 170 171 172
165 166 167 168 170 171 172 173
166 167 168 169 171 172 173 174
167 168 169 170 172 173 174 175
168 169 170 171 173 174 175 176
169 170 171 172 174 175 176 177
170 171 172 173 175 176 177 178
171 172 173 174 176 177 178 179
172 173 174 175 177 178 179 180
173 174 175 176 178 179 180 181
174 175 176 177 179 180 181 182
175 176 177 178 180 181 182 183
176 177 178 179 181 182 183 184
177 178 179 180 182 183 184 185
178 179 180 181 183 184 185 186
179 180 181 182 184 185 186 187
180 181 182 183 185 186 187 188
181 182 183 184 186 187 188 189
182 183 184 185 187 188 189 190
183 184 185 186 188 189 190 191
184 185 186 187 189 190 191 192
185 186 187 188 190 191 192 193
186 187 188 189 191 192 193 194
187 188 189 190 192 193 194 195
188 189 190 191 193 194 195 196
189 190 191 192 194 195 196 197
190 191 192 193 195 196 197 198
191 192 193 194 196 197 198 199
192 193 194 195 197 198 199 200
193 194 195 196 198 199 200 201
194 195 196 197 199 200 201 202
195 196 197 198 200 201 202 203
196 197 198 199 201 202 203 204
197 198 199 200 202 203 204 205
198 199 200 201 203 204 205 206
199 200 201 202 204 205 206 207
200 201 202 203 205 206 207 208
201 202 203 204 206 207 208 209
202 203 204 205 207 208 209 210
203 204 205 206 208 209 210 211
204 205 206 207 209 210 211 212
205 206 207 208 210 211 212 213
206 207 208 209 211 212 213 214
207 208 209 210 212 213 214 215
208 209 210 211 213 214 215 216
209 210 211 212 214 215 216 217
210 211 212 213 215 216 217 218
211 212 213 214 216 217 218 219
212 213 214 215 217 218 219 220
213 214 215 216 218 219 220 221
214 215 216 217 219 220 221 222
215 216 217 218 220 221 222 223
216 217 218 219 221 222 223 224
217 218 219 220 222 223 224 225
218 219 220 221 223 224 225 226
219 220 221 222 224 225 226 227
220 221 222 223 225 226 227 228
221 222 223 224 226 227 228 229
222 223 224 225 227 228 229 230
223 224 225 226 228 229 230 231
224 225 226 227 229 230 231 232
225 226 227 228 230 231 232 233
226 227 228 229 231 232 233 234
227 228 229 230 232 233 234 235
228 229 230 231 233 234 235 236
229 230 231 232 234 235 236 237
230 231 232 233 235 236 237 238
231 232 233 234 236 237 238 239
232 233 234 235 237 238 239 240
233 234 235 236 238 239 240 241
234 235 236 237 239 240 241 242
235 236 237 238 240 241 242 243
236 237 238 239 241 242 243 244
237 238 239 240 242 243 244 245
238 239 240 241 243 244 245 246
239 240 241 242 244 245 246 247
240 241 242 243 245 246 247 248
241 242 243 244 246 247 248 249
242 243 244 245 247 248 249 250
243 244 245 246 248 249 250 251
244 245 246 247 249 250 251 252
245 246 247 248 250 251 252 253
246 247 248 249 251 252 253 254
247 248 249 250 252 253 254 255
248 249 250 251 253 254 255 256
249 250 251 252 254 255 256 257
250 251 252 253 255 256 257 258
251 252 253 254 256 257 258 259
252 253 254 255 257 258 259 260
253 254 255 256 258 259 260 261
254 255 256 257 259 260 261 262
255 256 257 258 260 261 262 263
256 257 258 259 261 262 263 264
257 258 259 260 262 263 264 265
258 259 260 261 263 264 265 266
259 260 261 262 264 265 266 267
260 261 262 263 265 266 267 268
261 262 263 264 266 267 268 269
262 263 264 265 267 268 269 270
263 264 265 266 268 269 270 271
264 265 266 267 269 270 271 272
265 266 267 268 270 271 272 273
266 267 268 269 271 272 273 274
267 268 269 270 272 273 274 275
268 269 270 271 273 274 275 276
269 270 271 272 274 275 276 277
270 271 272 273 275 276 277 278
271 272 273 274 276 277 278 279
272 273 274 275 277 278 279 280
273 274 275 276 278 279 280 281
274 275 276 277 279 280 281 282
275 276 277 278 280 281 282 283
276 277 278 279 281 282 283 284
277 278 279 280 282 283 284 285
278 279 280 281 283 284 285 286
279 280 281 282 284 285 286 287
280 281 282 283 285 286 287 288
281 282 283 284 286 287 288 289
282 283 284 285 287 288 289 290
283 284 285 286 288 289 290 291
284 285 286 287 289 290 291 292
285 286 287 288 290 291 292 293
286 287 288 289 291 292 293 294
287 288 289 290 292 293 294 295
288 289 290 291 293 294 295 296
289 290 291 292 294 295 296 297
290 291 292 293 295 296 297 298
291 292 293 294 296 297 298 299
292 293 294 295 297 298 299 300
293 294 295 296 298 299 300 301
294 295 296 297 299 300 301 302
295 296 297 298 300 301 302 303
296 297 298 299 301 302 303 304
297 298 299 300 302 303 304 305
298 299 300 301 303 304 305 306
299 300 301 302 304 305 306 307
300 301 302 303 305 306 307 308
301 302 303 304 306 307 308 309
302 303 304 305 307 308 309 310
303 304 305 306 308 309 310 311
304 305 306 307 309 310 311 312
305 306 307 308 310 311 312 313
306 307 308 309 311 312 313 314
307 308 309 310 312 313 314 315
308 309 310 311 313 314 315 316
309 310 311 312 314 315 316 317
310 311 312 313 315 316 317 318
311 312 313 314 316 317 318 319
312 313 314 315 317 318 319 320
313 314 315 316 318 319 320 321
314 315 316 317 319 320 321 322
315 316 317 318 320 321 322 323
316 317 318 319 321 322 323 324
317 318 319 320 322 323 324 325
318 319 320 321 323 324 325 326
319 320 321 322 324 325 326 327
320 321 322 323 325 326 327 328
321 322 323 324 326 327 328 329
322 323 324 325 327 328 329 330
323 324 325 326 328 329 330 331
324 325 326 327 329 330 331 332
325 326 327 328 330 331 332 333
326 327 328 329 331 332 333 334
327 328 329 330 332 333 334 335
328 329 330 331 333 334 335 336
329 330 331 332 334 335 336 337
330 331 332 333 335 336 337 338
331 332 333 334 336 337 338 339
332 333 334 335 337 338 339 340
333 334 335 336 338 339 340 341
334 335 336 337 339 340 341 342
335 336 337 338 340 341 342 343
336 337 338 339 341 342 343 344
337 338 339 340 342 343 344 345
338 339 340 341 343 344 345 346
339 340 341 342 344 345 346 347
340 341 342 343 345 346 347 348
341 342 343 344 346 347 348 349
342 343 344 345 347 348 349 350
343 344 345 346 348 349 350 351
344 345 346 347 349 350 351 352
345 346 347 348 350 351 352 353
346 347 348 349 351 352 353 354
347 348 349 350 352 353 354 355
348 349 350 351 353 354 355 356
349 350 351 352 354 355 356 357
350 351 352 353 355 356 357 358
351 352 353 354 356 357 358 359
352 353 354 355 357 358 359 360
353 354 355 356 358 359 360 361
354 355 356 357 359 360 361 362
355 356 357 358 360 361 362 363
356 357 358 359 361 362 363 364
357 358 359 360 362 363 364 365
358 359 360 361 363 364 365 366
359 360 361 362 364 365 366 367
360 361 362 363 365 366 367 368
361 362 363 364 366 367 368 369
362 363 364 365 367 368 369 370
363 364 365 366 368 369 370 371
364 365 366 367 369 370 371 372
365 366 367 368 370 371 372 373
366 367 368 369 371 372 373 374
367 368 369 370 372 373 374 375
368 369 370 371 373 374 375 376
369 370 371 372 374 375 376 377
370 371 372 373 375 376 377 378
371 372 373 374 376 377 378 379
372 373 374 375 377 378 379 380
373 374 375 376 378 379 380 381
374 375 376 377 379 380 381 382
375 376 377 378 380 381 382 383
376 377 378 379 381 382 383 384
377 378 379 380 382 383 384 385
378 379 380 381 383 384 385 386
379 380 381 382 384 385 386 387
380 381 382 383 385 386 387 388
381 382 383 384 386 387 388 389
382 383 384 385 387 388 389 390
383 384 385 386 388 389 390 391
384 385 386 387 389 390 391 392
385 386 387 388 390 391 392 393
386 387 388 389 391 392 393 394
387 388 389 390 392 393 394 395
388 389 390 391 393 394 395 396
389 390 391 392 394 395 396 397
390 391 392 393 395 396 397 398
391 392 393 394 396 397 398 399
392 393 394 395 397 398 399 400
393 394 395 396 398 399 400 401
394 395 396 397 399 400 401 402
395 396 397 398 400 401 402 403
396 397 398 399 401 402 403 404
397 398 399 400 402 403 404 405
398 399 400 401 403 404 405 406
399 400 401 402 404 405 406 407
400 401 402 403 405 406 407 408
401 402 403 404 406 407 408 409
402 403 404 405 407 408 409 410
403 404 405 406 408 409 410 411
404 405 406 407 409 410 411 412
405 406 407 408 410 411 412 413
406 407 408 409 411 412 413 414
407 408 409 410 412 413 414 415
408 409 410 411 413 414 415 416
409 410 411 412 414 415 416 417
410 411 412 413 415 416 417 418
411 412 413 414 416 417 418 419
412 413 414 415 417 418 419 420
413 414 415 416 418 419 420 421
414 415 416 417 419 420 421 422
415 416 417 418 420 421 422 423
416 417 418 419 421 422 423 424
417 418 419 420 422 423 424 425
418 419 420 421 423 424 425 426
419 420 421 422 424 425 426 427
420 421 422 423 425 426 427 428
421 422 423 424 426 427 428 429
422 423 424 425 427 428 429 430
423 424 425 426 428 429 430 431
424 425 426 427 429 430 431 432
425 426 427 428 430 431 432 433
426 427 428 429 431 432 433 434
427 428 429 430 432 433 434 435
428 429 430 431 433 434 435 436
429 430 431 432 434 435 436 437
430 431 432 433 435 436 437 438
431 432 433 434 436 437 438 439
432 433 434 435 437 438 439 440
433 434 435 436 438 439 440 441
434 435 436 437 439 440 441 442
435 436 437 438 440 441 442 443
436 437 438 439 441 442 443 444
437 438 439 440 442 443 444 445
438 439 440 441 443 444 445 446
439 440 441 442 444 445 446 447
440 441 442 443 445 446 447 448
441 442 443 444 446 447 448 449
442 443 444 445 447 448 449 450
443 444 445 446 448 449 450 451
444 445 446 447 449 450 451 452
445 446 447 448 450 451 452 453
446 447 448 449 451 452 453 454
447 448 449 450 452 453 454 455
448 449 450 451 453 454 455 456
449 450 451 452 454 455 456 457
450 451 452 453 455 456 457 458
451 452 453 454 456 457 458 459
452 453 454 455 457 458 459 460
453 454 455 456 458 459 460 461
454 455 456 457 459 460 461 462
455 456 457 458 460 461 462 463
456 457 458 459 461 462 463 464
457 458 459 460 462 463 464 465
458 459 460 461 463 464 465 466
459 460 461 462 464 465 466 467
460 461 462 463 465 466 467 468
461 462 463 464 466 467 468 469
462 463 464 465 467 468 469 470
463 464 465 466 468 469 470 471
464 465 466 467 469 470 471 472
465 466 467 468 470 471 472 473
466 467 468 469 471 472 473 474
467 468 469 470 472 473 474 475
468 469 470 471 473 474 475 476
469 470 471 472 474 475 476 477
470 471 472 473 475 476 477 478
471 472 473 474 476 477 478 479
472 473 474 475 477 478 479 480
473 474 475 476 478 479 480 481
474 475 476 477 479 480 481 482
475 476 477 478 480 481 482 483
476 477 478 479 481 482 483 484
477 478 479 480 482 483 484 485
478 479 480 481 483 484 485 486
479 480 481 482 484 485 486 487
480 481 482 483 485 486 487 488
481 482 483 484 486 487 488 489
482 483 484 485 487 488 489 490
483 484 485 486 488 489 490 491
484 485 486 487 489 490 491 492
485 486 487 488 490 491 492 493
486 487 488 489 491 492 493 494
487 488 489 490 492 493 494 495
488 489 490 491 493 494 495 496
489 490 491 492 494 495 496 497
490 491 492 493 495 496 497 498
491 492 493 494 496 497 498 499
492 493 494 495 497 498 499 500
493 494 495 496 498 499 500 501
494 495 496 497 499 500 501 502
495 496 497 498 500 501 502 503
496 497 498 499 501 502 503 504
497 498 499 500 502 503 504 505
498 499 500 501 503 504 505 506
499 500 501 502 504 505 506 507
500 501 502 503 505 506 507 508
501 502 503 504 506 507 508 509
502 503 504 505 507 508 509 510
503 504 505 506 508 509 510 511
504 505 506 507 509 510 511 512
505 506 507 508 510 511 512 513
506 507 508 509 511 512 513 514
507 508 509 510 512 513 514 515
508 509 510 511 513 514 515 516
509 510 511 512 514 515 516 517
510 511 512 513 515 516 517 518
511 512 513 514 516 517 518 519
512 513 514 515 517 518 519 520
513 514 515 516 518 519 520 521
514 515 516 517 519 520 521 522
515 516 517 518 520 521 522 523
516 517 518 519 521 522 523 524
517 518 519 520 522 523 524 525
518 519 520 521 523 524 525 526
519 520 521 522 524 525 526 527
520 521 522 523 525 526 527 528
521 522 523 524 526 527 528 529
522 523 524 525 527 528 529 530
523 524 525 526 528 529 530 531
524 525 526 527 529 530 531 532
525 526 527 528 530 531 532 533
526 527 528 529 531 532 533 534
527 528 529 530 532 533 534 535
528 529 530 531 533 534 535 536
529 530 531 532 534 535 536 537
530 531 532 533 535 536 537 538
531 532 533 534 536 537 538 539
532 533 534 535 537 538 539 540
533 534 535 536 538 539 540 541
534 535 536 537 539 540 541 542
535 536 537 538 540 541 542 543
536 537 538 539 541 542 543 544
537 538 539 540 542 543 544 545
538 539 540 541 543 544 545 546
539 540 541 542 544 545 546 547
540 541 542 543 545 546 547 548
541 542 543 544 546 547 548 549
542 543 544 545 547 548 549 550
543 544 545 546 548 549 550 551
544 545 546 547 549 550 551 552
545 546 547 548 550 551 552 553
546 547 548 549 551 552 553 554
547 548 549 550 552 553 554 555
548 549 550 551 553 554 555 556
549 550 551 552 554 555 556 557
550 551 552 553 555 556 557 558
551 552 553 554 556 557 558 559
552 553 554 555 557 558 559 560
553 554 555 556 558 559 560 561
554 555 556 557 559 560 561 562
555 556 557 558 560 561 562 563
556 557 558 559 561 562 563 564
557 558 559 560 562 563 564 565
558 559 560 561 563 564 565 566
559 560 561 562 564 565 566 567
560 561 562 563 565 566 567 568
561 562 563 564 566 567 568 569
562 563 564 565 567 568 569 570
563 564 565 566 568 569 570 571
564 565 566 567 569 570 571 572
565 566 567 568 570 571 572 573
566 567 568 569 571 572 573 574
567 568 569 570 572 573 574 575
568 569 570 571 573 574 575 576
569 570 571 572 574 575 576 577
570 571 572 573 575 576 577 578
571 572 573 574 576 577 578 579
572 573 574 575 577 578 579 580
573 574 575 576 578 579 580 581
574 575 576 577 579 580 581 582
575 576 577 578 580 581 582 583
576 577 578 579 581 582 583 584
577 578 579 580 582 583 584 585
578 579 580 581 583 584 585 586
579 580 581 582 584 585 586 587
580 581 582 583 585 586 587 588
581 582 583 584 586 587 588 589
582 583 584 585 587 588 589 590
583 584 585 586 588 589 590 591
584 585 586 587 589 590 591 592
585 586 587 588 590 591 592 593
586 587 588 589 591 592 593 594
587 588 589 590 592 593 594 595
588 589 590 591 593 594 595 596
589 590 591 592 594 595 596 597
590 591 592 593 595 596 597 598
591 592 593 594 596 597 598 599
592 593 594 595 597 598 599 600
593 594 595 596 598 599 600 601
594 595 596 597 599 600 601 602
595 596 597 598 600 601 602 603
596 597 598 599 601 602 603 604
597 598 599 600 602 603 604 605
598 599 600 601 603 604 605 606
599 600 601 602 604 605 606 607
600 601 602 603 605 606 607 608
601 602 603 604 606 607 608 609
602 603 604 605 607 608 609 610
603 604 605 606 608 609 610 611
604 605 606 607 609 610 611 612
605 606 607 608 610 611 612 613
606 607 608 609 611 612 613 614
607 608 609 610 612 613 614 615
608 609 610 611 613 614 615 616
609 610 611 612 614 615 616 617
610 611 612 613 615 616 617 618
611 612 613 614 616 617 618 619
612 613 614 615 617 618 619 620
613 614 615 616 618 619 620 621
614 615 616 617 619 620 621 622
615 616 617 618 620 621 622 623
616 617 618 619 621 622 623 624
617 618 619 620 622 623 624 625
618 619 620 621 623 624 625 626
619 620 621 622 624 625 626 627
620 621 622 623 625 626 627 628
621 622 623 624 626 627 628 629
622 623 624 625 627 628 629 630
623 624 625 626 628 629 630 631
624 625 626 627 629 630 631 632
625 626 627 628 630 631 632 633
626 627 628 629 631 632 633 634
627 628 629 630 632 633 634 635
628 629 630 631 633 634 635 636
629 630 631 632 634 635 636 637
630 631 632 633 635 636 637 638
631 632 633 634 636 637 638 639
632 633 634 635 637 638 639 640
633 634 635 636 638 639 640 641
634 635 636 637 639 640 641 642
635 636 637 638 640 641 642 643
636 637 638 639 641 642 643 644
637 638 639 640 642 643 644 645
638 639 640 641 643 644 645 646
639 640 641 642 644 645 646 647
640 641 642 643 645 646 647 648
641 642 643 644 646 647 648 649
642 643 644 645 647 648 649 650
643 644 645 646 648 649 650 651
644 645 646 647 649 650 651 652
645 646 647 648 650 651 652 653
646 647 648 649 651 652 653 654
647 648 649 650 652 653 654 655
648 649 650 651 653 654 655 656
649 650 651 652 654 655 656 657
650 651 652 653 655 656 657 658
651 652 653 654 656 657 658 659
652 653 654 655 657 658 659 660
653 654 655 656 658 659 660 661
654 655 656 657 659 660 661 662
655 656 657 658 660 661 662 663
656 657 658 659 661 662 663 664
657 658 659 660 662 663 664 665
658 659 660 661 663 664 665 666
659 660 661 662 664 665 666 667
660 661 662 663 665 666 667 668
661 662 663 664 666 667 668 669
662 663 664 665 667 668 669 670
663 664 665 666 668 669 670 671
664 665 666 667 669 670 671 672
665 666 667 668 670 671 672 673
666 667 668 669 671 672 673 674
667 668 669 670 672 673 674 675
668 669 670 671 673 674 675 676
669 670 671 672 674 675 676 677
670 671 672 673 675 676 677 678
671 672 673 674 676 677 678 679
672 673 674 675 677 678 679 680
673 674 675 676 678 679 680 681
674 675 676 677 679 680 681 682
675 676 677 678 680 681 682 683
676 677 678 679 681 682 683 684
677 678 679 680 682 683 684 685
678 679 680 681 683 684 685 686
679 680 681 682 684 685 686 687
680 681 682 683 685 686 687 688
681 682 683 684 686 687 688 689
682 683 684 685 687 688 689 690
683 684 685 686 688 689 690 691
684 685 686 687 689 690 691 692
685 686 687 688 690 691 692 693
686 687 688 689 691 692 693 694
687 688 689 690 692 693 694 695
688 689 690 691 693 694 695 696
689 690 691 692 694 695 696 697
690 691 692 693 695 696 697 698
691 692 693 694 696 697 698 699
692 693 694 695 697 698 699 700
693 694 695 696 698 699 700 701
694 695 696 697 699 700 701 702
695 696 697 698 700 701 702 703
696 697 698 699 701 702 703 704
697 698 699 700 702 703 704 705
698 699 700 701 703 704 705 706
699 700 701 702 704 705 706 707
700 701 702 703 705 706 707 708
701 702 703 704 706 707 708 709
702 703 704 705 707 708 709 710
703 704 705 706 708 709 710 711
704 705 706 707 709 710 711 712
705 706 707 708 710 711 712 713
706 707 708 709 711 712 713 714
707 708 709 710 712 713 714 715
708 709 710 711 713 714 715 716
709 710 711 712 714 715 716 717
710 711 712 713 715 716 717 718
711 712 713 714 716 717 718 719
712 713 714 715 717 718 719 720
713 714 715 716 718 719 720 721
714 715 716 717 719 720 721 722
715 716 717 718 720 721 722 723
716 717 718 719 721 722 723 724
717 718 719 720 722 723 724 725
718 719 720 721 723 724 725 726
719 720 721 722 724 725 726 727
720 721 722 723 725 726 727 728
721 722 723 724 726 727 728 729
722 723 724 725 727 728 729 730
723 724 725 726 728 729 730 731
724 725 726 727 729 730 731 732
725 726 727 728 730 731 732 733
726 727 728 729 731 732 733 734
727 728 729 730 732 733 734 735
728 729 730 731 733 734 735 736
729 730 731 732 734 735 736 737
730 731 732 733 735 736 737 738
731 732 733 734 736 737 738 739
732 733 734 735 737 738 739 740
733 734 735 736 738 739 740 741
734 735 736 737 739 740 741 742
735 736 737 738 740 741 742 743
736 737 738 739 741 742 743 744
737 738 739 740 742 743 744 745
738 739 740 741 743 744 745 746
739 740 741 742 744 745 746 747
740 741 742 743 745 746 747 748
741 742 743 744 746 747 748 749
742 743 744 745 747 748 749 750
743 744 745 746 748 749 750 751
744 745 746 747 749 750 751 752
745 746 747 748 750 751 752 753
746 747 748 749 751 752 753 754
747 748 749 750 752 753 754 755
748 749 750 751 753 754 755 756
749 750 751 752 754 755 756 757
750 751 752 753 755 756 757 758
751 752 753 754 756 757 758 759
752 753 754 755 757 758 759 760
753 754 755 756 758 759 760 761
754 755 756 757 759 760 761 762
755 756 757 758 760 761 762 763
756 757 758 759 761 762 763 764
757 758 759 760 762 763 764 765
758 759 760 761 763 764 765 766
759 760 761 762 764 765 766 767
760 761 762 763 765 766 767 768
761 762 763 764 766 767 768 769
762 763 764 765 767 768 769 770
763 764 765 766 768 769 770 771
764 765 766 767 769 770 771 772
765 766 767 768 770 771 772 773
766 767 768 769 771 772 773 774
767 768 769 770 772 773 774 775
768 769 770 771 773 774 775 776
769 770 771 772 774 775 776 777
770 771 772 773 775 776 777 778
771 772 773 774 776 777 778 779
772 773 774 775 777 778 779 780
773 774 775 776 778 779 780 781
774 775 776 777 779 780 781 782
775 776 777 778 780 781 782 783
776 777 778 779 781 782 783 784
777 778 779 780 782 783 784 785
778 779 780 781 783 784 785 786
779 780 781 782 784 785 786 787
780 781 782 783 785 786 787 788
781 782 783 784 786 787 788 789
782 783 784 785 787 788 789 790
783 784 785 786 788 789 790 791
784 785 786 787 789 790 791 792
785 786 787 788 790 791 792 793
786 787 788 789 791 792 793 794
787 788 789 790 792 793 794 795
788 789 790 791 793 794 795 796
789 790 791 792 794 795 796 797
790 791 792 793 795 796 797 798
791 792 793 794 796 797 798 799
792 793 794 795 797 798 799 800
793 794 795 796 798 799 800 801
794 795 796 797 799 800 801 802
795 796 797 798 800 801 802 803
796 797 798 799 801 802 803 804
797 798 799 800 802 803 804 805
798 799 800 801 803 804 805 806
799 800 801 802 804 805 806 807
800 801 802 803 805 806 807 808
801 802 803 804 806 807 808 809
802 803 804 805 807 808 809 810
803 804 805 806 808 809 810 811
804 805 806 807 809 810 811 812
805 806 807 808 810 811 812 813
806 807 808 809 811 812 813 814
807 808 809 810 812 813 814 815
808 809 810 811 813 814 815 816
809 810 811 812 814 815 816 817
810 811 812 813 815 816 817 818
811 812 813 814 816 817 818 819
812 813 814 815 817 818 819 820
813 814 815 816 818 819 820 821
814 815 816 817 819 820 821 822
815 816 817 818 820 821 822 823
816 817 818 819 821 822 823 824
817 818 819 820 822 823 824 825
818 819 820 821 823 824 825 826
819 820 821 822 824 825 826 827
820 821 822 823 825 826 827 828
821 822 823 824 826 827 828 829
822 823 824 825 827 828 829 830
823 824 825 826 828 829 830 831
824 825 826 827 829 830 831 832
825 826 827 828 830 831 832 833
826 827 828 829 831 832 833 834
827 828 829 830 832 833 834 835
828 829 830 831 833 834 835 836
829 830 831 832 834 835 836 837
830 831 832 833 835 836 837 838
831 832 833 834 836 837 838 839
832 833 834 835 837 838 839 840
833 834 835 836 838 839 840 841
834 835 836 837 839 840 841 842
835 836 837 838 840 841 842 843
836 837 838 839 841 842 843 844
837 838 839 840 842 843 844 845
838 839 840 841 843 844 845 846
839 840 841 842 844 845 846 847
840 841 842 843 845 846 847 848
841 842 843 844 846 847 848 849
842 843 844 845 847 848 849 850
843 844 845 846 848 849 850 851
844 845 846 847 849 850 851 852
845 846 847 848 850 851 852 853
846 847 848 849 851 852 853 854
847 848 849 850 852 853 854 855
848 849 850 851 853 854 855 856
849 850 851 852 854 855 856 857
850 851 852 853 855 856 857 858
851 852 853 854 856 857 858 859
852 853 854 855 857 858 859 860
853 854 855 856 858 859 860 861
854 855 856 857 859 860 861 862
855 856 857 858 860 861 862 863
856 857 858 859 861 862 863 864
857 858 859 860 862 863 864 865
858 859 860 861 863 864 865 866
859 860 861 862 864 865 866 867
860 861 862 863 865 866 867 868
861 862 863 864 866 867 868 869
862 863 864 865 867 868 869 870
863 864 865 866 868 869 870 871
864 865 866 867 869 870 871 872
865 866 867 868 870 871 872 873
866 867 868 869 871 872 873 874
867 868 869 870 872 873 874 875
868 869 870 871 873 874 875 876
869 870 871 872 874 875 876 877
870 871 872 873 875 876 877 878
871 872 873 874 876 877 878 879
872 873 874 875 877 878 879 880
873 874 875 876 878 879 880 881
874 875 876 877 879 880 881 882
875 876 877 878 880 881 882 883
876 877 878 879 881 882 883 884
877 878 879 880 882 883 884 885
878 879 880 881 883 884 885 886
879 880 881 882 884 885 886 887
880 881 882 883 885 886 887 888
881 882 883 884 886 887 888 889
882 883 884 885 887 888 889 890
883 884 885 886 888 889 890 891
884 885 886 887 889 890 891 892
885 886 887 888 890 891 892 893
886 887 888 889 891 892 893 894
887 888 889 890 892 893 894 895
888 889 890 891 893 894 895 896
889 890 891 892 894 895 896 897
890 891 892 893 895 896 897 898
891 892 893 894 896 897 898 899
892 893 894 895 897 898 899 900
893 894 895 896 898 899 900 901
894 895 896 897 899 900 901 902
895 896 897 898 900 901 902 903
896 897 898 899 901 902 903 904
897 898 899 900 902 903 904 905
898 899 900 901 903 904 905 906
899 900 901 902 904 905 906 907
900 901 902 903 905 906 907 908
901 902 903 904 906 907 908 909
902 903 904 905 907 908 909 910
903 904 905 906 908 909 910 911
904 905 906 907 909 910 911 912
905 906 907 908 910 911 912 913
906 907 908 909 911 912 913 914
907 908 909 910 912 913 914 915
908 909 910 911 913 914 915 916
909 910 911 912 914 915 916 917
910 911 912 913 915 916 917 918
911 912 913 914 916 917 918 919
912 913 914 915 917 918 919 920
913 914 915 916 918 919 920 921
914 915 916 917 919 920 921 922
915 916 917 918 920 921 922 923
916 917 918 919 921 922 923 924
917 918 919 920 922 923 924 925
918 919 920 921 923 924 925 926
919 920 921 922 924 925 926 927
920 921 922 923 925 926 927 928
921 922 923 924 926 927 928 929
922 923 924 925 927 928 929 930
923 924 925 926 928 929 930 931
924 925 926 927 929 930 931 932
925 926 927 928 930 931 932 933
926 927 928 929 931 932 933 934
927 928 929 930 932 933 934 935
928 929 930 931 933 934 935 936
929 930 931 932 934 935 936 937
930 931 932 933 935 936 937 938
931 932 933 934 936 937 938 939
932 933 934 935 937 938 939 940
933 934 935 936 938 939 940 941
934 935 936 937 939 940 941 942
935 936 937 938 940 941 942 943
936 937 938 939 941 942 943 944
937 938 939 940 942 943 944 945
938 939 940 941 943 944 945 946
939 940 941 942 944 945 946 947
940 941 942 943 945 946 947 948
941 942 943 944 946 947 948 949
942 943 944 945 947 948 949 950
943 944 945 946 948 949 950 951
944 945 946 947 949 950 951 952
945 946 947 948 950 951 952 953
946 947 948 949 951 952 953 954
947 948 949 950 952 953 954 955
948 949 950 951 953 954 955 956
949 950 951 952 954 955 956 957
950 951 952 953 955 956 957 958
951 952 953 954 956 957 958 959
952 953 954 955 957 958 959 960
953 954 955 956 958 959 960 961
954 955 956 957 959 960 961 962
955 956 957 958 960 961 962 963
956 957 958 959 961 962 963 964
957 958 959 960 962 963 964 965
958 959 960 961 963 964 965 966
959 960 961 962 964 965 966 967
960 961 962 963 965 966 967 968
961 962 963 964 966 967 968 969
962 963 964 965 967 968 969 970
963 964 965 966 968 969 970 971
964 965 966 967 969 970 971 972
965 966 967 968 970 971 972 973
966 967 968 969 971 972 973 974
967 968 969 970 972 973 974 975
968 969 970 971 973 974 975 976
969 970 971 972 974 975 976 977
970 971 972 973 975 976 977 978
971 972 973 974 976 977 978 979
972 973 974 975 977 978 979 980
973 974 975 976 978 979 980 981
974 975 976 977 979 980 981 982
975 976 977 978 980 981 982 983
976 977 978 979 981 982 983 984
977 978 979 980 982 983 984 985
978 979 980 981 983 984 985 986
979 980 981 982 984 985 986 987
980 981 982 983 985 986 987 988
981 982 983 984 986 987 988 989
982 983 984 985 987 988 989 990
983 984 985 986 988 989 990 991
984 985 986 987 989 990 991 992
985 986 987 988 990 991 992 993
986 987 988 989 991 992 993 994
987 988 989 990 992 993 994 995
988 989 990 991 993 994 995 996
989 990 991 992 994 995 996 997
990 991 992 993 995 996 997 998
991 992 993 994 996 997 998 999
0 992 993 994 995 997 998 999
0 1 993 994 995 996 998 999
0 1 2 994 995 996 997 999
0 1 2 3 995 996 997 998
