1000
1 2 3 10 13 14 26 29 44 65 98 111 161 191 239 446 525 627 775 782 829 972
0 2 3 4 5 6 8 9 11 15 17 20 22 23 37 47 51 54 59 60 62 78 91 105 112 118 119 127 135 144 145 153 160 165 173 177 189 194 196 197 200 203 207 208 226 229 239 254 268 288 294 296 302 303 316 335 340 345 355 363 369 375 377 382 413 447 452 460 472 473 480 545 549 613 637 639 653 663 666 672 684 689 699 715 725 746 774 825 840 865 868 874 875 887 910 956 970 981 984 985
0 1 3 4 5 7 8 9 22 23 30 32 33 34 42 51 73 79 81 85 86 97 102 114 127 150 159 165 174 176 180 234 235 245 264 268 285 294 308 310 331 332 337 352 356 370 383 418 421 432 445 455 456 508 540 563 568 572 589 650 675 682 685 720 737 757 771 779 793 841 842 845 872 873 903 949 973
0 1 2 4 5 6 7 10 11 12 13 15 17 24 28 29 30 34 36 37 38 39 43 44 45 48 51 55 61 62 64 70 71 74 80 90 93 105 114 134 136 138 140 166 170 192 195 196 204 209 210 217 252 271 275 276 300 301 302 307 308 347 349 354 376 383 386 401 410 412 417 422 438 450 452 463 466 471 474 478 503 534 546 561 611 616 619 633 652 681 711 749 865 905 983
1 2 3 8 16 18 19 21 25 31 35 38 48 49 50 54 76 88 94 103 104 108 124 126 167 180 190 197 203 234 240 243 260 265 284 292 311 314 330 357 379 409 414 420 446 449 480 492 498 603 622 673 710 717 745 754 817 858 875 895 917 946 968 979
1 2 3 6 7 9 12 14 17 18 19 20 24 25 26 32 35 37 41 42 46 56 61 64 67 69 71 75 88 92 99 101 119 145 156 157 159 183 192 205 210 232 250 262 286 290 325 330 332 335 375 411 416 425 447 459 460 502 565 570 635 688 706 719 734 749 817 904 913 916 926 948 958 965 996
1 3 5 33 36 60 108 164 200 555
2 3 5 12 47 53 66 100 101 113 121 131 147 225 243 257 279 287 334 372 397 402 410 436 459 460 516 528 604 629 638 711 763 814 829 858 885 934 958 992
1 2 4 10 11 22 25 27 42 84 93 111 144 157 187 204 241 253 313 320 334 382 411 420 439 494 517 542 550 584 629 672 698 725 791 890 903 933 942 950
1 2 5 50 58 87 89 123 174 218 422 762 938
0 3 8 13 20 28 31 34 35 46 62 67 70 72 76 82 86 99 122 155 167 169 175 228 274 293 316 319 379 416 491 505 537 546 552 564 576 609 614 644 658 664 667 680 704 708 712 714 738 743 748 757 787 789 792 872 954 960 987
1 3 8 21 31 55 88 117 359 448 512 602 657 662 756
3 5 7 14 63 68 142 286 436 719 732 935
0 3 10 15 16 24 27 36 40 48 60 66 87 106 109 124 213 215 221 314 433 474 489 582 590 647 669 757 777 794 796 813 852 870 974
0 5 12 57 112 133 137 202 257 287 304 394 440 598 630 654 705 711 713 751 776 847 908
1 3 13 16 18 19 23 26 38 45 50 52 66 83 85 98 100 110 123 125 146 149 198 224 309 312 348 366 381 437 442 453 571 588 634 668 756 777 919 991
4 13 15 63 118 218 348 370 430 492 522 615 616 880 889
1 3 5 28 49 53 137 248 497 886 925 997
4 5 15 29 47 65 78 89 92 98 122 131 149 189 252 291 298 322 350 374 384 386 394 500 530 597 609 665 680 701 772 793 794 901 905 952 970 980 988
4 5 15 32 71 77 89 104 121 172 202 244 265 266 328 338 473 486 587 671 743 755 821 974
1 5 10 21 113 137 156 171 201 595
4 11 20 75 145 256 263 281 325 327 360 389 424 469 508 683 739 745
1 2 8 41 43 233 238 284 298 331 356 397 577 871 923 927
1 2 15 27 39 40 41 53 54 65 69 74 79 92 96 111 155 163 226 273 280 317 330 395 402 646 672 842 861 897 932
3 5 13 56 57 73 96 227 228 245 257 258 288 303 374 649 702 726 903 971 974
4 5 8 69 94 199 328 368 682 704 770 939
0 5 15 44 73 93 102 116 120 133 188 190 539 687 758
8 13 23 43 52 106 149 171 186 241 267 283 303 363 368 434 562 602 663 859 945
3 10 17 30 55 59 61 77 107 109 115 128 143 151 161 198 253 259 265 318 323 333 343 346 438 449 491 543 586 611 663 709 721 816 867 977
0 3 18 33
2 3 28 72 128 130 138 139 140 175 214 222 341 397 444 662 695 734 764 820 829 863 904 954
4 10 11 45 49 114 120 125 148 152 154 202 222 237 314 322 507 569 625 642 723 765 944
2 5 19 39 230 250 309 536 741 774 802 877
2 6 29 87 155 255 261 419 470 601 707 841
2 3 10 82 232 238 326 333 358 451 520 648 726 906 922
4 5 10 96 424
3 6 13 40 59 161 168 262 351 515 594 805 825 845 949 973
1 3 5 58 103 136 187 188 277 384 500 592 595 607 646 671 715 816 818 859 909 936
3 4 15 56 57 63 86 95 103 227 538 644 844 928
3 23 32 188 258 432 589 600 628 718
13 23 36 116 142 162 372 399 643 703 806
5 22 23 67 81 97 99 147 172 201 290 298 436 464 536 551 855 924 938
2 5 8 52 254 472 484 597 713 790 802 993
3 22 27 46 143 428 529 583 631
0 3 26 68 142 150 336 345 364 476 491 612 623 830 915
3 15 31 108 219 299 346 360 409 458 983
5 10 43 110 127 148 153 165 279 578 678 928 952
1 7 18 84 85 95 100 118 135 141 152 236 243 297 332 417 428 450 481 551 570 591 739 923
3 4 13 72 82 109 116 134 146 276 301 324 354 361 367 411 487 580 631 670 740 885 920 921 976
4 17 31 64 80 113 117 119 164 186 221 233 256 273 315 378 446 463 565 735 768 809 828
4 9 15 441 457 857
1 2 3 509 571
15 27 42 574 840
7 17 23 58 90 152 181 209 260 294 304 333 353 454 537 626 686 804 945
1 4 23 126 230 339 355 468 563 638 796 882 951
3 11 28 76 95 106 157 166 227 254 255 266 437 465 553 595 598 670 911
5 24 38 81 102 195 323 384 562 564 647 866 931
14 24 38 77 78 83 134 141 160 170 215 299 300 302 342 370 423 475 521 547 724 769 839 853 898
9 37 53 68 91 166 173 352 361 514 717 916
1 28 36 283
1 6 13 340 785 900
3 5 28 158 560 653 755 944
1 3 10 122 160 305 321 324 345 376 442 465 548 623 689 759
12 16 38 195 244 347 356 364 401 443 520 623 645 656 799 824
3 5 49 70 151 193 306 309 337 344 371 404 408 421 480 494 510 511 545 566 644 650 720 740
0 18 23 154 226 545 614 874
7 13 15 514 739 905 982
5 10 41 251 264 445
12 44 58 84 97 224 228 261 284 362 445 493 541 714 856 870
5 23 25 74 112 138 179 185 211 231 263 407 513 557 668 898 985
3 10 64 767 999
3 5 19 75 79 83 187 473 530 588 742 822 930 943
10 30 48 80 132 139 169 403 544 712 728 759 809
2 24 26 208 270 273 318 329 398 405 523 547 632 778 867 980 992
3 23 69 91 369 427 501 641 709 710 792
5 21 71 120 198 207 372 483 606 965
4 10 55 183 184 248 394 495 592 698 762
19 28 57 158 361
1 18 57 128 229 481 620
2 23 71 141 387 395 495 624 695 941
3 49 72 94 105 261 329 906
2 41 56 130 143 177 212 278 289 322 639 861
10 34 48 104 110 691 842 969
15 57 71 275
8 47 68 132 172 221 289 541 549 582 734 772 937
2 15 47 281 708
2 10 38 107 167 222 240 271 313 338 366 510 569 658 693 721 806 828 851 884 915
9 13 33 139 311 413 655 681 781
4 5 11 90 101 115 296 489 572 605 657 661 677 706 841 891
9 18 19 184 285 389 435 490 517 906 930
3 53 88 181 342 629
1 58 74 253 282 295
5 18 23 210 225 391 714
3 8 26 107 218 236 339 404 433 636 812 988
4 25 80 150 151 192 691 786 890 977
38 47 55 206
23 24 35
2 41 68 132 610
0 15 18 129 136 177 191 200 212 320 327 353 509 560 574 634 656 836 881 915
5 10 41 159 168 223 276 346 476 686 700 754 781 803 871
7 15 47 296 317 371 426 466 476 570 574 651
5 7 88 115 388 396 671 801 825 847
2 26 56 558 559
4 37 38 154 162 201 274 278 310 386 403 670 876
4 19 82 179 180 366
1 3 80 299 420 527 558
13 27 55 146 269 471 686 778
28 86 93 121 125 408 696 849 932
4 6 45 131 162 190 215 220 407 484 527 811 978
13 28 48 259 599 807
15 46 82 140 443 502 557 780
0 8 23 158 185 196 423 808
1 14 69 117 343 642 836
7 20 49 182 450 940 962
2 3 31 306 422 483 936
28 88 101 129 191 203 343 401 412 413 519 674 676 723 731 768 927
26 40 48 124 126 189 229 267 295 871
11 49 112 129 170 181 193 220 482 509 539 618 656 690 748 856 884
1 16 47 123 144 199 206 223 242 274 275 319 373 378 393 484 506 559 596 628 665 736 818 847
1 5 49 213 920
26 31 75 135 232 860
7 19 107 130 214 251 260 365 410 456 468 475 518 620
10 18 62 175 205 344 469 592 651 694
9 15 118 717 761
4 13 116 216 219 311 706 855 965
15 31 107 176 270 293
4 54 116 507
1 2 46 182 217 256 542
28 30 78 133 179 286 321 391 406 415 424 426 616 710 976
98 115 117 148 171 178 199 403 816 883 894
30 81 121 153 272 972
7 18 108 262 380 521 813
72 84 97 240 241 348 691
14 26 128 242 263 362 453 776
3 48 57 184 223 279 552
1 47 120 193 359 575 603 883
3 37 98 173 337 631
14 17 20 365 556 975
3 30 69 246 622 743
30 72 87 178 194 283 297 321 387 461 853
3 30 110 185 239 324
47 57 79 147 163 178 250 291 377 499 747 773 894
12 40 44
28 43 81 247 796 805
1 8 118
1 5 21 236 244 461 784 944 989
15 48 106 156 163 220 463 474 504 530 936
7 41 141 183 613 752
31 46 129 217 249 292 365 382 429 499 505 585 690 692 730 783 821 947
15 18 27 268 307 381 402 414 415 846
2 44 94 176 441
28 64 94 648 669 849
31 47 53
1 46 130 164 216 590 733
31 65 103 224 234 301 315 320 377 407 555 577 940
10 23 33 186 246 272 315 353 357 582 585 660 674 703 737 798
5 20 146
5 8 55 168 211 230 259 280 307 404 533 544 583 613 666 780 991
61 77 111 231 235 255 453
2 5 99 758
1 57 62 523 701
0 28 36 169 252 267 295 328 375 415 454 781 819
40 103 108 335 467 615 941
23 141 146 291
6 49 153 238 282 336 444 786
1 2 46 258 305 350 405 543 581 641 692 959 967
3 55 58 174 417 472 567
4 10 86 182 247 438 441 506
36 99 157
10 72 161 399
3 57 117 447 466
20 27 129 722 830
19 41 84 235 719 741
1 58 136 266 399 419 606
2 9 166 272 325 805 925
10 30 122 832
2 125 150 269 576 647 896
1 81 98 219 334 406 674
129 139 141 204 206 340 414 475 608 661
69 104 128 280 388 522 959
2 4 104 458 774
53 90 117 246 585 589 730 766 770 814 893 935 951
113 127 167 323 929
5 76 147 362
76 89 134
69 111 140 197 245 997 999
27 49 155 513 531 650 826 836
8 37 71 194 231 288 892 902 912
26 37 39
1 18 116 293 487 498 678 828 880
4 26 108 209 770
0 98 115
3 5 94 211 277 306 310 358 368 548 639 651
64 117 135 208 349 464 580 608 852
1 139 187 213
3 56 63 207 317 409 658 924
1 3 111 214 264 385 599
1 4 185
15 28 75 249 285 729 869
25 118 129 247 329 374 400 563 569 751 865
1 6 98 205 389 712
20 41 103
14 19 31 378 462 506 916
1 4 115 225 363 519 581 838
3 8 178 212 233 249 313 359 367 387 448 451 504 526 531 587 679 687 735 826 833
5 122 200 216 622 914
95 118 178 579 626 844
1 75 195 443 689 918
1 73 193 998
3 53 190 269 292 470 483 512 730
3 5 92 932
69 157 192 516 630
81 98 204 237 392 487 490 968 972
13 119 194 237 524 777 811 815
30 121 196 327 685
13 57 108 277 462 488 503 515 526 593 617
124 153 205 418 687
3 127 148 578
9 16 93 248 289 408 732 782
45 124 177
108 117 146 287 297 733 943
13 49 84 339 416 515 535 602 612 760 797 873 909
30 31 86 418 525
99 118 134 784 955
15 68 154
7 92 203
1 23 65 251 434 502
24 38 55 271 282 519 554 617 881 899 934 964
10 24 68 400 568 571
1 78 116 305 352 621
32 54 157 341 367 412 477 561 812
69 158 187 966
5 34 120 539 729
22 49 204 354 431 594
2 4 154 694 700
2 158 172 393 697 985
47 93 145
31 212 213
22 34 164 242 270 316
0 1 140 278 281 326 548 573 742
4 86 132 304 532 587
8 27 132 824
118 133 238 435 537 880
4 7 47 423 961
19 63 145
2 24 185 318 319 425
138 155 181 452 937
143 167 199 784
17 76 218 607 619
148 198 204
5 32 141 667 679
67 121 226 593
3 18 161 360
8 28 91 347 392
1 42 55 392
33 55 158 526
21 49 127 485 763
7 14 24
24 39 165
28 109 157 312 426 870
4 53 121 344 390 562 633 702
33 68 80 357 380 528 552 843
5 36 131 503 584 586
21 69 133 398 547 750
2 67 196 501 913
4 19 28 427 879 994
19 55 173
27 116 161 940
1 2 149 556 604 702 722 911 961
106 176 209 380 791 984
73 125 238 432 991
3 86 227 493 508 596 643
130 155 174 390 601
23 49 73 678
10 103 118
3 83 118 660 764
3 48 99 419 428 433
37 192 215 955
81 103 239 630
7 46 134 400 966
23 157 179 373 494 566
21 85 239 290 336 929
91 164 227 510 520 775 922
27 59 139 444 523 742
4 22 68 567 996
2 89 198 716 819
5 12 128 872
7 14 220 396 477 554 738 800
1 24 187 300 326 878
81 84 218 559
5 41 281 429
18 141 163
4 148 209
10 125 189 479 492 496
1 2 53 388 824
91 116 161 615 778 946
1 88 100
47 139 220 896 982
18 22 41
45 57 105 434 462 518 521 640 677
3 57 288 385 469 498
3 48 154
1 3 57 308 953
1 24 27 369 390 939 957 977
14 53 240 338 421 960
62 165 229
64 114 192 707
3 149 157 470 675 727 753
2 3 302
15 32 64 312 583 603 606 867
2 103 192 963
4 87 124 429 448 482 529
15 259 309 850
8 86 204 823
4 13 31
49 154 155 376 406 655 760 856
1 10 238 573 688 761 895 908
23 100 195 383 533
28 73 245
10 118 245 535 751
8 98 154 831
62 128 139 496 529 731 888
18 31 81 839 986
28 56 182 364 993
48 62 140
5 21 174 838
34 239 288 931
21 98 214 342 396 493
19 25 161 331 350 395
73 80 199 538 600 684 804
4 5 23
2 22 328 349 534 888
2 5 47 461 505
28 34 53 486 522 881
7 8 177 371 430 468 541 638 868
1 5 162 341 477 790
44 164 281 482
2 64 136 550 597 732 860 950
19 86 304 899
54 93 221 373 567 581 605
1 60 178 511 549 612 693 722 815
30 230 335 358
57 90 327 558 627 758 795
28 112 115 355 532 723
64 122 260 478 481
1 44 62 605 692 857
28 45 99 351 532
3 63 253 860
15 16 132 572 588 624
3 193 331
18 165 328 351 610 664 753 848 983
36 346 350 536 591
2 58 229 967
53 98 155 535 590 598 693 738 799 887 901 963
3 48 233 748 831 862 963
1 54 343 456 851
2 22 63
4 155 261 430
34 192 341 381 427 437 439 513 646 746
11 135 204
21 45 252
48 58 77 921 952
68 133 183 393 504 834
1 27 203 922
44 63 323 863 971
121 137 148 485 783 859 912 927
15 86 104 679 721
48 204 230 814 851
25 27 192
1 74 303 632 948
2 16 57 806
64 100 334 584 893
7 40 75 704
118 280 339 391 455 479 488 516 551 577 707 773 795 835
18 24 199 385 653
1 5 161 425 724 897
3 62 315 579 607 837
1 141 154 496 499
49 118 202 379 769 815 895
4 10 378 538 876
131 261 269 528 554 951
15 149 358 618 694
1 8 148 440 564 580 636 698 803 883 910
2 3 317
18 37 56 659 752 793 875 879 933
196 300 374 789
3 18 103
79 139 204 405 517 620 643 761 907 982
101 179 294 439 542 764
21 89 200 454 489 544 610
260 272 303
92 128 373
212 253 254 398 464 652 767
118 235 362 771
14 18 76 976
23 79 328 556 808
101 287 327
7 22 30 621 627 741 904 942
73 263 392 431 442 634 861 993
40 169 173 440 490 826
199 228 279 524 697 821 864
3 63 115
7 23 149 628 700 752
72 103 129 611
64 93 157 864
73 165 387 459 863
128 177 315 664 783
69 108 154
64 107 218 431
4 45 195 725 766
3 7 121 479 609
5 8 48 527 533
3 115 230 553 561 637 668
1 87 115 604 625
4 149 178 486
128 149 161 636
5 10 221 755
3 47 166 435 449
2 216 222
33 173 276 465 688
4 8 105 458 553
2 64 304
3 9 114 958
57 111 243 655
21 35 128 907
5 245 375
100 128 259 455 518 962
74 265 358 654
43 47 276 471 614 779
148 290 311 938
16 334 357 467 501 507
233 398 408 705 854
2 39 270
13 93 276 953
27 226 299 451
89 242 417 457 514 576 979
7 12 41 729 846
15 55 358 760
3 28 167 457
8 358 388 497 565 586 726
14 382 399 792
50 150 167
15 62 398
63 110 207 512 568
30 164 283 500 599
2 67 68 957
0 4 49
1 5 170
11 204 311 914
4 28 417
3 47 113 531 763
34 204 434 467 801 845 893
1 3 246 601
15 133 158 822
53 161 389 495 642
2 373 426 812
2 121 355
50 435 438 848
45 180 420
5 7 405 956
1 5 7
139 145 332 892
202 215 299 557 735 769
3 49 146 619
41 193 392
55 62 419 654
3 100 170 485 728
162 430 451
54 121 334 525 926
21 122 300 797
33 209 307 908
3 106 428 478
1 42 166 635 772 969
1 19 71
3 13 146
57 121 178 768
44 99 100
230 287 335 618
3 344 471
293 373 410 736 957
1 4 64 579 810
47 78 344
117 311 336 830 884
75 114 209 882 992
42 108 118
256 365 466 810
19 333 414
48 189 212 488 511 909 970
215 373 487
13 88 389 497 640 675 984
89 212 399
10 28 44 746
4 16 293 715 771
68 271 327 660 744 765
8 64 280 524
76 79 454 608
293 321 377
17 439 489 593 961
4 189 300
141 148 377 632
18 37 444 891
74 264 430 685 989
5 110 226 625
3 215 262 811
146 204 362 948
10 148 332 937
118 167 202
31 126 430 669 713 968
2 21 271 762
51 98 117
64 86 282
64 340 487 635 641 676 749 831 990
11 209 443 848
69 186 358
58 66 435 543 941
36 215 221 809 854
7 211 373
8 89 387
121 299 426 560 566 624 855
115 203 227
34 63 282 737 776 973
57 131 299
16 179 333 575 596 724
73 160 283
213 400 494 773 902
0 222 468 555 645 684 802
204 215 255 878 964
105 108 411
7 261 380 591 782 889
43 311 321 578 789
18 71 146
186 204 450 683 701 740
240 343 346 786 882
157 317 411 534 696 791
3 331 533 979
221 319 353
32 41 351 540 550
10 53 242 540 921
38 329 379 868
26 117 232
2 536 537 661 854
68 84 334 840
8 127 388 852 923
28 165 514
72 157 389 575 747 832
1 64 65 546
3 10 545
57 73 263 931
62 192 239 917 926
1 84 340
8 337 536 621
41 47 373
10 134 261 659 716 797 846 967
55 412 420
227 287 380
6 154 525 645
137 268 395 765
69 110 462
102 105 342 637 864
102 118 289
61 98 518
3 230 412 775 929
27 56 260 573 633 683 930
2 54 199
10 56 382 718
5 49 439
64 280 518 897 947
166 284 339 594 820 919
2 228 443 733
31 86 199 924 999
5 47 100
15 51 228
2 88 348 648
239 316 562
52 98 100 798
135 522 544 838
10 176 435 665
22 154 373
46 217 529 896
206 376 480 744 832 947 980
48 193 382 862
165 203 339
13 84 155
43 157 309 600 857
8 262 371
148 155 181 946
28 262 439
19 204 240 708 943
15 71 348
2 39 181 705 839
13 153 353
47 351 528
37 76 122
215 251 497 935
36 233 567 910
20 37 55 844 942
118 271 522 673 750 950
18 42 337 745 753
14 55 353
109 196 444
39 329 583 820 843
33 272 452
11 27 221
4 135 309
7 268 413 966
88 339 345 657 699 969
75 173 309 617 699 892
37 248 376 626 920
178 193 495 690 788
10 18 410 913
97 350 389 649
3 28 403 736 900
44 221 340
1 147 157 818
10 65 428
16 162 295
3 16 128
215 227 606 695 959
117 381 477
3 248 463 677 835
78 121 387
229 397 550 649 716
4 138 205
44 62 63
79 348 518 866
31 413 502 790
53 206 607 919
0 342 397
39 118 402 785
7 8 90
14 211 278
43 48 136
73 369 499 862 949
3 260 562
15 98 398 727
5 472 511 697
93 382 415 994
1 412 558 827 928 998
7 54 334 640 659 780 900 955
1 81 192 788
299 489 638
74 165 511
31 112 454
40 271 387 799 964
10 38 64
63 525 555 703 795 987 989
23 37 358
13 56 176 709
34 151 572 876
24 610 621 667 827
2 64 186 652
100 122 192
3 392 650 728
1 61 374
14 427 465 662 666
87 315 423
63 98 117 681
11 88 605 834
10 86 195
384 552 638 914
155 275 493
88 178 540 885
11 30 654 682 804 807
1 27 28 680 801
10 350 406
18 118 576
1 157 654 676 718 767
10 250 649
15 69 412 990
13 151 507 785 997
48 55 103
19 37 101 673 822 878
1 8 23
4 596 671 720
115 155 177 731
2 307 489 727
115 511 666 696
88 299 619 754 759 787
46 189 273 886
204 250 366
10 18 663
3 87 656
2 25 662 808
21 531 562
1 329 525 837
2 214 501
53 99 106
26 204 216
5 316 419
1 62 207
117 148 608 779 911
82 94 132
148 165 345
86 340 353
122 234 381
30 79 617
107 533 676
235 400 635 827 975
8 76 382 810
1 605 606 869
99 234 402 843 889
18 160 531 962
24 260 268 869
40 155 645 823
10 25 372
14 431 589
5 88 124
33 306 373 849 986
10 85 587
28 74 647
4 74 128
3 7 14
10 72 200 960
14 42 507
10 68 92 898
1 37 492 744 837
285 552 621 756
4 58 123
39 564 666
5 12 172
2 64 673
28 86 366
171 268 340
31 115 343
57 375 522 766
1 8 409
24 34 439
307 634 675
72 466 652 747
198 232 436 787
148 181 209 750
115 321 674
12 218 337
153 220 568 978
5 30 84
49 204 462 954
118 479 611 803
2 155 520
10 287 353 788 981
21 47 66
48 64 531
32 172 397 800
71 239 283
10 19 138
493 579 715 833
4 21 597
1 358 491
141 544 728
10 117 354
3 5 511
263 596 730 798 853
14 199 319
147 384 402
307 350 597
4 99 677 975
19 61 416
11 15 716
2 10 13
26 159 342 813
62 72 677
221 315 437
123 316 387 978
9 76 508 807 823 987
7 256 450
30 275 388
31 493 556
181 409 724
70 392 666
49 115 475
57 378 462
25 181 190
2 393 492
18 84 472 833 990
141 373 524
1 32 180
0 282 561 887
14 133 520 794
13 15 213
73 106 295
2 428 690 835
110 157 638
87 99 161 879
0 218 528
148 365 406
145 223 247
60 628 669
94 164 532
10 677 729 998
608 639 738 850
10 385 529 877 925
42 335 625 912
8 269 533 850
10 74 440
2 18 384 800 901 918
13 18 776 891 956
342 373 645
13 54 143
221 469 552
155 574 750
63 353 643
287 741 793
101 451 663 877
32 42 525 874
99 382 736 817
53 329 662
36 143 174
40 86 370 902
109 662 762
111 395 682 834
49 72 515
480 485 698 907
108 213 503
93 230 455 886
13 131 758 866
7 181 367 819
213 340 378 873
28 37 129
4 5 803
37 118 613
161 285 814
30 567 600
19 148 400
71 453 671
313 703 762 933
63 241 294
1 36 101
186 204 399 934
637 649 697
49 86 189
0 7 30
44 171 482
320 354 511
175 544 579
204 744 772
362 657 808
373 619 779
98 112 186
376 684 715 899 953
203 325 575
57 322 589
1 52 541
2 33 88
2 23 82
261 600 700
38 206 595
2 36 451
149 436 552
14 101 118
350 457 512
107 151 707
312 788 791 888
86 355 367 858
13 193 542 981
57 139 750
431 515 540
41 124 518
68 117 315
50 345 583 996
4 7 851
27 37 365
120 337 347
23 81 398
354 580 632 894
30 364 405
400 404 558
1 3 199
56 624 813
28 73 309
1 334 538
198 699 702
13 68 259
22 99 116 995
2 10 286 890
2 221 815
1 65 802
1 4 384
103 379 648
32 789 801
288 526 671
265 384 781
16 189 242
98 227 333
54 483 532
129 135 382
86 117 482 939
7 48 661
17 678 812
1 353 775
321 331 850
16 528 700
8 94 872
88 500 794 918
187 461 606
181 371 451
129 141 862
4 316 378
176 297 578
23 375 566
57 69 714
227 338 837
60 611 638 945
18 353 793
187 524 806
2 8 24
5 30 397
3 18 66
34 80 89
387 424 810
14 316 470 917
37 221 487
1 382 594
55 268 690
187 365 790
5 264 609
205 448 659
44 86 98
5 58 202
4 548 908
207 793 891
15 567 626
48 119 607
48 361 537
34 282 363
22 47 542
41 195 569
17 174 789
5 468 548
22 115 365 971
38 46 637
182 281 561
71 89 562
56 326 547
23 107 210
8 384 823
7 227 826
12 181 593
37 114 146
84 246 505
9 41 429
25 303 884
113 154 267
79 162 514
8 397 595
71 220 587
31 61 145
27 53 900
4 295 585
148 566 579
5 369 504
2 36 632
8 337 596 988
54 181 380
18 46 361
302 433 837
10 30 735
223 277 638 995
1 459 794 994
303 445 479
5 7 422
165 179 617
10 304 712
243 268 497
113 426 701
310 353 354
227 526 643
5 75 124
231 279 604
165 352 552
4 212 507
82 472 605
1 18 487
24 364 927
0 130 212
2 36 520 986
13 19 24
137 697 754
48 128 394
28 94 303
108 733 761
4 435 534
18 73 579
1 738 852
66 297 387
3 45 350
1 269 489
1 69 235
322 707 973
10 645 762
18 93 950
145 501 645
511 668 772
15 157 270 995
7 73 483
42 323 398
265 636 956
871 955 991
5 284 857
17 185 669
208 637 787
70 185 569
